1.130000000000000032e-01 1.310000000000000053e-01 6.560000000000000275e-01 1.650000000000000078e-01
1.130000000000000032e-01 2.620000000000000107e-01 6.870000000000000551e-01 2.889999999999999791e-01
1.130000000000000032e-01 3.930000000000000160e-01 7.149999999999999689e-01 4.149999999999999800e-01
1.130000000000000032e-01 5.250000000000000222e-01 7.429999999999999938e-01 5.410000000000000364e-01
1.130000000000000032e-01 6.560000000000000275e-01 7.700000000000000178e-01 6.670000000000000373e-01
1.130000000000000032e-01 7.870000000000000329e-01 7.950000000000000400e-01 7.960000000000000409e-01
1.130000000000000032e-01 1.213999999999999968e+00 1.112000000000000099e+00 9.300000000000000488e-01
1.330000000000000071e-01 2.966999999999999638e+00 2.576000000000000068e+00 1.205000000000000071e+00
1.050000000000000044e+00 6.439999999999999503e+00 4.536999999999999922e+00 1.786000000000000032e+00
3.759999999999999787e+00 1.181099999999999994e+01 6.193999999999999950e+00 2.810000000000000053e+00
8.814000000000000057e+00 1.919400000000000261e+01 7.318999999999999950e+00 4.027000000000000135e+00
1.617599999999999838e+01 2.855600000000000094e+01 8.006000000000000227e+00 5.349000000000000199e+00
2.590700000000000003e+01 3.995199999999999818e+01 8.260999999999999233e+00 6.774000000000000021e+00
3.781600000000000250e+01 5.331199999999999761e+01 8.211999999999999744e+00 8.291000000000000369e+00
5.156199999999999761e+01 6.876600000000000534e+01 8.313000000000000611e+00 9.916999999999999815e+00
6.736899999999999977e+01 8.634300000000000352e+01 8.371999999999999886e+00 1.164300000000000068e+01
8.530800000000000693e+01 1.062090000000000032e+02 8.451000000000000512e+00 1.349399999999999977e+01
1.057300000000000040e+02 1.287750000000000057e+02 8.554999999999999716e+00 1.553500000000000014e+01
1.251779999999999973e+02 1.496689999999999827e+02 8.102999999999999758e+00 1.748400000000000176e+01
1.397170000000000130e+02 1.649569999999999936e+02 7.770999999999999908e+00 1.859299999999999997e+01
1.510010000000000048e+02 1.767319999999999993e+02 7.562000000000000277e+00 1.931700000000000017e+01
1.600209999999999866e+02 1.861759999999999877e+02 7.450999999999999623e+00 1.987300000000000111e+01
1.673720000000000141e+02 1.938810000000000002e+02 7.360999999999999766e+00 2.033999999999999986e+01
1.734970000000000141e+02 2.003269999999999982e+02 7.282000000000000028e+00 2.076300000000000168e+01
1.786270000000000095e+02 2.057750000000000057e+02 7.235999999999999766e+00 2.115099999999999980e+01
1.830360000000000014e+02 2.104369999999999834e+02 7.150000000000000355e+00 2.151200000000000045e+01
1.868249999999999886e+02 2.144849999999999852e+02 7.086999999999999744e+00 2.185699999999999932e+01
1.901399999999999864e+02 2.180330000000000155e+02 7.009999999999999787e+00 2.219099999999999895e+01
1.930349999999999966e+02 2.211550000000000011e+02 6.937000000000000277e+00 2.251500000000000057e+01
1.955920000000000130e+02 2.239279999999999973e+02 6.868000000000000327e+00 2.283299999999999841e+01
1.978509999999999991e+02 2.264039999999999964e+02 6.804999999999999716e+00 2.314699999999999847e+01
1.998710000000000093e+02 2.286380000000000052e+02 6.735999999999999766e+00 2.345899999999999963e+01
2.016769999999999925e+02 2.306529999999999916e+02 6.661999999999999922e+00 2.376800000000000068e+01
2.033220000000000027e+02 2.324860000000000184e+02 6.567999999999999616e+00 2.407600000000000051e+01
2.048360000000000127e+02 2.341550000000000011e+02 6.453999999999999737e+00 2.438299999999999912e+01
2.062379999999999995e+02 2.356890000000000214e+02 6.320999999999999730e+00 2.468900000000000006e+01
2.074650000000000034e+02 2.371020000000000039e+02 6.227000000000000313e+00 2.499500000000000099e+01
2.085029999999999859e+02 2.384050000000000011e+02 6.211000000000000298e+00 2.530000000000000071e+01
2.094430000000000121e+02 2.396140000000000043e+02 6.197000000000000064e+00 2.560399999999999920e+01
2.102980000000000018e+02 2.407379999999999995e+02 6.184000000000000163e+00 2.590800000000000125e+01
2.110829999999999984e+02 2.417919999999999732e+02 6.168999999999999595e+00 2.621300000000000097e+01
2.118019999999999925e+02 2.427760000000000105e+02 6.153999999999999915e+00 2.651599999999999824e+01
2.124639999999999986e+02 2.437009999999999934e+02 6.139000000000000234e+00 2.681599999999999895e+01
2.130800000000000125e+02 2.445709999999999980e+02 6.126000000000000334e+00 2.710500000000000043e+01
2.136570000000000107e+02 2.453939999999999770e+02 6.112000000000000099e+00 2.738599999999999923e+01
2.141990000000000123e+02 2.461739999999999782e+02 6.099000000000000199e+00 2.765899999999999892e+01
2.147069999999999936e+02 2.469120000000000061e+02 6.088000000000000078e+00 2.792200000000000060e+01
2.151850000000000023e+02 2.476140000000000043e+02 6.076999999999999957e+00 2.817800000000000082e+01
