2.500000000000000139e-02 1.310000000000000053e-01 7.740000000000000213e-01 1.340000000000000080e-01
2.500000000000000139e-02 2.620000000000000107e-01 9.160000000000000364e-01 1.499999999999999944e-01
5.800000000000000294e-02 3.930000000000000160e-01 1.024000000000000021e+00 1.620000000000000051e-01
1.789999999999999925e-01 5.250000000000000222e-01 1.046000000000000041e+00 1.739999999999999880e-01
2.979999999999999871e-01 6.560000000000000275e-01 1.066999999999999948e+00 1.859999999999999987e-01
4.189999999999999836e-01 7.870000000000000329e-01 1.086000000000000076e+00 2.010000000000000120e-01
5.610000000000000542e-01 1.213999999999999968e+00 1.372999999999999998e+00 2.210000000000000020e-01
8.329999999999999627e-01 2.966999999999999638e+00 2.670999999999999819e+00 4.109999999999999765e-01
1.810999999999999943e+00 6.441999999999999282e+00 4.546000000000000263e+00 9.959999999999999964e-01
4.846000000000000085e+00 1.181400000000000006e+01 5.889999999999999680e+00 2.032999999999999918e+00
9.894999999999999574e+00 1.919900000000000162e+01 7.019999999999999574e+00 3.255999999999999783e+00
1.721099999999999852e+01 2.856300000000000239e+01 7.750000000000000000e+00 4.583999999999999631e+00
2.680399999999999849e+01 3.996099999999999852e+01 8.140000000000000568e+00 6.014999999999999680e+00
3.855400000000000205e+01 5.332300000000000040e+01 8.246999999999999886e+00 7.538000000000000256e+00
5.237100000000000222e+01 6.878000000000000114e+01 8.275999999999999801e+00 9.170999999999999375e+00
6.815300000000000580e+01 8.635999999999999943e+01 8.359999999999999432e+00 1.090300000000000047e+01
8.609300000000000352e+01 1.062319999999999993e+02 8.445000000000000284e+00 1.276200000000000045e+01
1.065420000000000016e+02 1.288050000000000068e+02 8.528000000000000469e+00 1.481600000000000072e+01
1.259449999999999932e+02 1.496889999999999930e+02 8.103999999999999204e+00 1.676999999999999957e+01
1.404989999999999952e+02 1.649729999999999848e+02 7.748999999999999666e+00 1.788100000000000023e+01
1.517489999999999952e+02 1.767429999999999950e+02 7.562999999999999723e+00 1.860800000000000054e+01
1.607640000000000100e+02 1.861829999999999927e+02 7.445999999999999730e+00 1.916799999999999926e+01
1.680970000000000084e+02 1.938849999999999909e+02 7.358999999999999986e+00 1.964399999999999835e+01
1.742009999999999934e+02 2.003280000000000030e+02 7.285999999999999588e+00 2.007600000000000051e+01
1.793520000000000039e+02 2.057729999999999961e+02 7.205000000000000071e+00 2.047299999999999898e+01
1.837400000000000091e+02 2.104339999999999975e+02 7.128000000000000114e+00 2.084499999999999886e+01
1.875420000000000016e+02 2.144809999999999945e+02 7.040000000000000036e+00 2.119900000000000162e+01
1.908559999999999945e+02 2.180270000000000152e+02 6.950000000000000178e+00 2.154200000000000159e+01
1.937280000000000086e+02 2.211479999999999961e+02 6.887999999999999901e+00 2.187699999999999889e+01
1.962549999999999955e+02 2.239200000000000159e+02 6.828999999999999737e+00 2.220499999999999829e+01
1.984900000000000091e+02 2.263950000000000102e+02 6.770999999999999908e+00 2.252899999999999991e+01
2.004900000000000091e+02 2.286280000000000143e+02 6.708000000000000185e+00 2.285099999999999909e+01
2.022760000000000105e+02 2.306430000000000007e+02 6.642999999999999794e+00 2.317000000000000171e+01
2.038319999999999936e+02 2.324749999999999943e+02 6.625000000000000000e+00 2.348799999999999955e+01
2.052299999999999898e+02 2.341440000000000055e+02 6.605000000000000426e+00 2.380499999999999972e+01
2.064900000000000091e+02 2.356770000000000209e+02 6.584999999999999964e+00 2.412099999999999866e+01
2.076339999999999861e+02 2.370900000000000034e+02 6.564000000000000057e+00 2.443700000000000117e+01
2.086639999999999873e+02 2.383930000000000007e+02 6.544999999999999929e+00 2.475300000000000011e+01
2.095970000000000084e+02 2.396020000000000039e+02 6.530999999999999694e+00 2.506700000000000017e+01
2.104420000000000073e+02 2.407259999999999991e+02 6.519000000000000128e+00 2.538100000000000023e+01
2.112160000000000082e+02 2.417789999999999964e+02 6.504999999999999893e+00 2.569600000000000151e+01
2.119329999999999927e+02 2.427640000000000100e+02 6.482000000000000206e+00 2.601000000000000156e+01
2.126020000000000039e+02 2.436889999999999930e+02 6.448000000000000398e+00 2.632400000000000162e+01
2.132259999999999991e+02 2.445579999999999927e+02 6.403999999999999915e+00 2.663700000000000045e+01
2.138120000000000118e+02 2.453810000000000002e+02 6.355000000000000426e+00 2.694999999999999929e+01
2.143629999999999995e+02 2.461610000000000014e+02 6.299000000000000377e+00 2.726399999999999935e+01
2.148799999999999955e+02 2.468990000000000009e+02 6.238000000000000433e+00 2.757700000000000173e+01
2.153679999999999950e+02 2.475999999999999943e+02 6.171000000000000263e+00 2.789000000000000057e+01
