0.000000000000000000e+00 1.310000000000000053e-01 8.619999999999999885e-01 5.299999999999999850e-02
0.000000000000000000e+00 2.620000000000000107e-01 9.499999999999999556e-01 1.199999999999999956e-01
0.000000000000000000e+00 3.930000000000000160e-01 1.036000000000000032e+00 1.880000000000000004e-01
0.000000000000000000e+00 5.250000000000000222e-01 1.120999999999999996e+00 2.560000000000000053e-01
0.000000000000000000e+00 6.560000000000000275e-01 1.207000000000000073e+00 3.240000000000000102e-01
5.099999999999999672e-02 7.870000000000000329e-01 1.237999999999999989e+00 3.960000000000000187e-01
1.370000000000000107e-01 1.213999999999999968e+00 1.524999999999999911e+00 4.709999999999999742e-01
3.489999999999999769e-01 2.966999999999999638e+00 2.866000000000000103e+00 6.810000000000000497e-01
1.705000000000000071e+00 6.439999999999999503e+00 4.389999999999999680e+00 1.272000000000000020e+00
4.871000000000000441e+00 1.181099999999999994e+01 5.592999999999999972e+00 2.317000000000000171e+00
9.913000000000000256e+00 1.919400000000000261e+01 6.708999999999999631e+00 3.563000000000000167e+00
1.717099999999999937e+01 2.855600000000000094e+01 7.469999999999999751e+00 4.915000000000000036e+00
2.665700000000000003e+01 3.995199999999999818e+01 7.939000000000000057e+00 6.368999999999999773e+00
3.826299999999999812e+01 5.331199999999999761e+01 8.159000000000000696e+00 7.916999999999999815e+00
5.199099999999999966e+01 6.876600000000000534e+01 8.246000000000000441e+00 9.573999999999999844e+00
6.775199999999999534e+01 8.634300000000000352e+01 8.319000000000000838e+00 1.133300000000000018e+01
8.565200000000000102e+01 1.062090000000000032e+02 8.403999999999999915e+00 1.321700000000000053e+01
1.060619999999999976e+02 1.287760000000000105e+02 8.487000000000000099e+00 1.529599999999999937e+01
1.254500000000000028e+02 1.496699999999999875e+02 8.064000000000000057e+00 1.726999999999999957e+01
1.399939999999999998e+02 1.649569999999999936e+02 7.714000000000000412e+00 1.839000000000000057e+01
1.512470000000000141e+02 1.767319999999999993e+02 7.525000000000000355e+00 1.912500000000000000e+01
1.602609999999999957e+02 1.861759999999999877e+02 7.392999999999999794e+00 1.970799999999999841e+01
1.675869999999999891e+02 1.938810000000000002e+02 7.296999999999999709e+00 2.020599999999999952e+01
1.736999999999999886e+02 2.003269999999999982e+02 7.205000000000000071e+00 2.065500000000000114e+01
1.788470000000000084e+02 2.057750000000000057e+02 7.113999999999999879e+00 2.107000000000000028e+01
1.832379999999999995e+02 2.104379999999999882e+02 7.020999999999999908e+00 2.145899999999999963e+01
1.870459999999999923e+02 2.144859999999999900e+02 6.913999999999999702e+00 2.182999999999999829e+01
1.903420000000000130e+02 2.180339999999999918e+02 6.830000000000000071e+00 2.218900000000000006e+01
1.931939999999999884e+02 2.211560000000000059e+02 6.774000000000000021e+00 2.253900000000000148e+01
1.957090000000000032e+02 2.239300000000000068e+02 6.722000000000000419e+00 2.288200000000000145e+01
1.979319999999999879e+02 2.264050000000000011e+02 6.668999999999999595e+00 2.322100000000000009e+01
1.999199999999999875e+02 2.286390000000000100e+02 6.607999999999999652e+00 2.355699999999999861e+01
2.016959999999999980e+02 2.306550000000000011e+02 6.540000000000000036e+00 2.389099999999999824e+01
2.032400000000000091e+02 2.324869999999999948e+02 6.517999999999999794e+00 2.422400000000000020e+01
2.046250000000000000e+02 2.341570000000000107e+02 6.495000000000000107e+00 2.455399999999999849e+01
2.058700000000000045e+02 2.356899999999999977e+02 6.477999999999999758e+00 2.488400000000000034e+01
2.069939999999999998e+02 2.371030000000000086e+02 6.461000000000000298e+00 2.521399999999999864e+01
2.080039999999999907e+02 2.384060000000000059e+02 6.448999999999999844e+00 2.554299999999999926e+01
2.089219999999999970e+02 2.396160000000000139e+02 6.434000000000000163e+00 2.587199999999999989e+01
2.097549999999999955e+02 2.407400000000000091e+02 6.419999999999999929e+00 2.619999999999999929e+01
2.105149999999999864e+02 2.417930000000000064e+02 6.407000000000000028e+00 2.652799999999999869e+01
2.112059999999999889e+02 2.427780000000000200e+02 6.394999999999999574e+00 2.685600000000000165e+01
2.118369999999999891e+02 2.437029999999999745e+02 6.384999999999999787e+00 2.718299999999999983e+01
2.124130000000000109e+02 2.445729999999999791e+02 6.373999999999999666e+00 2.751000000000000156e+01
2.129519999999999982e+02 2.453959999999999866e+02 6.352999999999999758e+00 2.783699999999999974e+01
2.134639999999999986e+02 2.461759999999999877e+02 6.315999999999999837e+00 2.816400000000000148e+01
2.139499999999999886e+02 2.469139999999999873e+02 6.264999999999999680e+00 2.849099999999999966e+01
2.144120000000000061e+02 2.476159999999999854e+02 6.201999999999999957e+00 2.881800000000000139e+01
