0.000000000000000000e+00 1.310000000000000053e-01 7.590000000000000080e-01 1.549999999999999989e-01
0.000000000000000000e+00 2.620000000000000107e-01 7.329999999999999849e-01 3.350000000000000200e-01
0.000000000000000000e+00 3.930000000000000160e-01 7.059999999999999609e-01 5.160000000000000142e-01
0.000000000000000000e+00 5.250000000000000222e-01 6.780000000000000471e-01 6.989999999999999547e-01
0.000000000000000000e+00 6.560000000000000275e-01 6.490000000000000213e-01 8.810000000000000053e-01
0.000000000000000000e+00 7.870000000000000329e-01 6.169999999999999929e-01 1.066999999999999948e+00
0.000000000000000000e+00 1.213999999999999968e+00 8.770000000000000018e-01 1.256999999999999895e+00
0.000000000000000000e+00 2.966999999999999638e+00 2.357000000000000206e+00 1.522000000000000020e+00
9.030000000000000249e-01 6.439999999999999503e+00 4.447000000000000064e+00 1.997000000000000108e+00
3.653999999999999915e+00 1.181099999999999994e+01 6.190000000000000391e+00 2.919000000000000039e+00
8.807999999999999829e+00 1.919400000000000261e+01 7.314000000000000057e+00 4.036999999999999922e+00
1.626800000000000068e+01 2.855600000000000094e+01 8.000999999999999446e+00 5.261000000000000121e+00
2.609600000000000009e+01 3.995199999999999818e+01 8.256000000000000227e+00 6.588000000000000078e+00
3.810099999999999909e+01 5.331199999999999761e+01 8.207000000000000739e+00 8.009000000000000341e+00
5.194200000000000017e+01 6.876600000000000534e+01 8.307999999999999829e+00 9.539999999999999147e+00
6.784300000000000352e+01 8.634300000000000352e+01 8.367000000000000881e+00 1.117099999999999937e+01
8.587600000000000477e+01 1.062090000000000032e+02 8.446999999999999176e+00 1.292900000000000027e+01
1.063889999999999958e+02 1.287750000000000057e+02 8.551999999999999602e+00 1.487700000000000067e+01
1.259309999999999974e+02 1.496699999999999875e+02 8.099999999999999645e+00 1.673300000000000054e+01
1.405749999999999886e+02 1.649579999999999984e+02 7.769000000000000128e+00 1.773499999999999943e+01
1.519739999999999895e+02 1.767330000000000041e+02 7.556000000000000050e+00 1.834799999999999898e+01
1.611030000000000086e+02 1.861759999999999877e+02 7.434999999999999609e+00 1.880600000000000094e+01
1.685569999999999879e+02 1.938810000000000002e+02 7.334999999999999964e+00 1.917999999999999972e+01
1.747849999999999966e+02 2.003280000000000030e+02 7.251999999999999780e+00 1.950400000000000134e+01
1.800169999999999959e+02 2.057750000000000057e+02 7.201999999999999957e+00 1.979400000000000048e+01
1.845289999999999964e+02 2.104379999999999882e+02 7.112000000000000099e+00 2.005799999999999983e+01
1.884199999999999875e+02 2.144859999999999900e+02 7.046000000000000263e+00 2.030300000000000082e+01
1.918379999999999939e+02 2.180339999999999918e+02 6.966000000000000192e+00 2.053699999999999903e+01
1.948369999999999891e+02 2.211570000000000107e+02 6.891000000000000014e+00 2.076099999999999923e+01
1.974970000000000141e+02 2.239300000000000068e+02 6.820999999999999730e+00 2.097899999999999920e+01
1.998629999999999995e+02 2.264070000000000107e+02 6.756999999999999673e+00 2.119200000000000017e+01
2.019869999999999948e+02 2.286400000000000148e+02 6.687000000000000277e+00 2.140200000000000102e+01
2.038950000000000102e+02 2.306560000000000059e+02 6.613000000000000433e+00 2.160999999999999943e+01
2.055670000000000073e+02 2.324879999999999995e+02 6.589999999999999858e+00 2.181700000000000017e+01
2.070759999999999934e+02 2.341580000000000155e+02 6.567999999999999616e+00 2.202199999999999847e+01
2.084459999999999980e+02 2.356910000000000025e+02 6.549000000000000377e+00 2.222599999999999909e+01
2.096959999999999980e+02 2.371040000000000134e+02 6.532000000000000028e+00 2.242999999999999972e+01
2.108319999999999936e+02 2.384080000000000155e+02 6.519000000000000128e+00 2.263299999999999912e+01
2.118750000000000000e+02 2.396170000000000186e+02 6.504999999999999893e+00 2.283599999999999852e+01
2.128329999999999984e+02 2.407410000000000139e+02 6.491999999999999993e+00 2.303800000000000026e+01
2.137189999999999941e+02 2.417950000000000159e+02 6.479000000000000092e+00 2.323999999999999844e+01
2.145399999999999920e+02 2.427799999999999727e+02 6.464000000000000412e+00 2.344200000000000017e+01
2.152969999999999970e+02 2.437049999999999841e+02 6.451999999999999957e+00 2.364300000000000068e+01
2.159979999999999905e+02 2.445749999999999886e+02 6.442000000000000171e+00 2.384400000000000119e+01
2.166510000000000105e+02 2.453969999999999914e+02 6.432999999999999829e+00 2.404500000000000171e+01
2.172599999999999909e+02 2.461779999999999973e+02 6.424999999999999822e+00 2.424699999999999989e+01
2.178259999999999934e+02 2.469159999999999968e+02 6.418000000000000149e+00 2.444699999999999918e+01
2.183549999999999898e+02 2.476179999999999950e+02 6.411999999999999922e+00 2.464799999999999969e+01
