2.500000000000000139e-02 1.310000000000000053e-01 7.219999999999999751e-01 1.859999999999999987e-01
2.500000000000000139e-02 2.620000000000000107e-01 8.050000000000000488e-01 2.600000000000000089e-01
2.500000000000000139e-02 3.930000000000000160e-01 8.900000000000000133e-01 3.290000000000000147e-01
2.500000000000000139e-02 5.250000000000000222e-01 9.749999999999999778e-01 3.980000000000000204e-01
2.500000000000000139e-02 6.560000000000000275e-01 1.058999999999999941e+00 4.670000000000000262e-01
7.699999999999999900e-02 7.870000000000000329e-01 1.088999999999999968e+00 5.390000000000000346e-01
1.630000000000000060e-01 1.213999999999999968e+00 1.375999999999999890e+00 6.159999999999999920e-01
3.770000000000000018e-01 2.966999999999999638e+00 2.702999999999999847e+00 8.329999999999999627e-01
1.270000000000000018e+00 6.439999999999999503e+00 4.719999999999999751e+00 1.360000000000000098e+00
4.240999999999999659e+00 1.181099999999999994e+01 6.189000000000000057e+00 2.331999999999999851e+00
9.352000000000000313e+00 1.919400000000000261e+01 7.314000000000000057e+00 3.491999999999999993e+00
1.677100000000000080e+01 2.855500000000000327e+01 8.000999999999999446e+00 4.758000000000000007e+00
2.655900000000000105e+01 3.995100000000000051e+01 8.256000000000000227e+00 6.126000000000000334e+00
3.852499999999999858e+01 5.331099999999999994e+01 8.207000000000000739e+00 7.586000000000000298e+00
5.232800000000000296e+01 6.876600000000000534e+01 8.307999999999999829e+00 9.154999999999999361e+00
6.819100000000000250e+01 8.634199999999999875e+01 8.367000000000000881e+00 1.082399999999999984e+01
8.618800000000000239e+01 1.062090000000000032e+02 8.446999999999999176e+00 1.261800000000000033e+01
1.066670000000000016e+02 1.287750000000000057e+02 8.551000000000000156e+00 1.460500000000000043e+01
1.261719999999999970e+02 1.496689999999999827e+02 8.099000000000000199e+00 1.649800000000000111e+01
1.407680000000000007e+02 1.649569999999999936e+02 7.767999999999999794e+00 1.754899999999999949e+01
1.521090000000000089e+02 1.767309999999999945e+02 7.559000000000000163e+00 1.821499999999999986e+01
1.611870000000000118e+02 1.861749999999999829e+02 7.448000000000000398e+00 1.871399999999999864e+01
1.685939999999999941e+02 1.938799999999999955e+02 7.357999999999999652e+00 1.912399999999999878e+01
1.747769999999999868e+02 2.003269999999999982e+02 7.277999999999999581e+00 1.949099999999999966e+01
1.799629999999999939e+02 2.057740000000000009e+02 7.232000000000000206e+00 1.982199999999999918e+01
1.844300000000000068e+02 2.104369999999999834e+02 7.144999999999999574e+00 2.012699999999999889e+01
1.882750000000000057e+02 2.144849999999999852e+02 7.081999999999999851e+00 2.041499999999999915e+01
1.916469999999999914e+02 2.180320000000000107e+02 7.004999999999999893e+00 2.069200000000000017e+01
1.945999999999999943e+02 2.211539999999999964e+02 6.932000000000000384e+00 2.095899999999999963e+01
1.972129999999999939e+02 2.239279999999999973e+02 6.863000000000000433e+00 2.121999999999999886e+01
1.995289999999999964e+02 2.264039999999999964e+02 6.799999999999999822e+00 2.147700000000000031e+01
2.016059999999999945e+02 2.286370000000000005e+02 6.730999999999999872e+00 2.173199999999999932e+01
2.034679999999999893e+02 2.306529999999999916e+02 6.658999999999999808e+00 2.198400000000000176e+01
2.050949999999999989e+02 2.324860000000000184e+02 6.636000000000000121e+00 2.223499999999999943e+01
2.065579999999999927e+02 2.341550000000000011e+02 6.615999999999999659e+00 2.248499999999999943e+01
2.078839999999999861e+02 2.356880000000000166e+02 6.597000000000000419e+00 2.273400000000000176e+01
2.090889999999999986e+02 2.371009999999999991e+02 6.580000000000000071e+00 2.298300000000000054e+01
2.101790000000000020e+02 2.384050000000000011e+02 6.567999999999999616e+00 2.323100000000000165e+01
2.111769999999999925e+02 2.396140000000000043e+02 6.554000000000000270e+00 2.347800000000000153e+01
2.120889999999999986e+02 2.407379999999999995e+02 6.541000000000000369e+00 2.372500000000000142e+01
2.129329999999999927e+02 2.417919999999999732e+02 6.525000000000000355e+00 2.397299999999999898e+01
2.137230000000000132e+02 2.427769999999999868e+02 6.496000000000000441e+00 2.421900000000000119e+01
2.144619999999999891e+02 2.437019999999999982e+02 6.459999999999999964e+00 2.446600000000000108e+01
2.151560000000000059e+02 2.445709999999999980e+02 6.415000000000000036e+00 2.471199999999999974e+01
2.158110000000000070e+02 2.453939999999999770e+02 6.363000000000000433e+00 2.495799999999999841e+01
2.164310000000000116e+02 2.461749999999999829e+02 6.304999999999999716e+00 2.520499999999999829e+01
2.170169999999999959e+02 2.469129999999999825e+02 6.243000000000000327e+00 2.545100000000000051e+01
2.175720000000000027e+02 2.476140000000000043e+02 6.174999999999999822e+00 2.569699999999999918e+01
