1.340000000000000080e-01 1.310000000000000053e-01 7.059999999999999609e-01 9.400000000000000022e-02
1.340000000000000080e-01 2.620000000000000107e-01 7.940000000000000391e-01 1.630000000000000060e-01
1.340000000000000080e-01 3.930000000000000160e-01 8.790000000000000036e-01 2.320000000000000118e-01
1.340000000000000080e-01 5.250000000000000222e-01 9.639999999999999680e-01 3.019999999999999907e-01
1.340000000000000080e-01 6.560000000000000275e-01 1.048000000000000043e+00 3.719999999999999973e-01
1.859999999999999987e-01 7.870000000000000329e-01 1.078000000000000069e+00 4.450000000000000067e-01
2.720000000000000195e-01 1.213999999999999968e+00 1.366000000000000103e+00 5.220000000000000195e-01
5.679999999999999494e-01 2.966999999999999638e+00 2.674999999999999822e+00 7.479999999999999982e-01
1.828000000000000069e+00 6.439999999999999503e+00 4.424000000000000377e+00 1.272000000000000020e+00
4.695999999999999730e+00 1.181099999999999994e+01 5.993999999999999773e+00 2.237000000000000099e+00
9.701000000000000512e+00 1.919400000000000261e+01 7.209999999999999964e+00 3.396999999999999797e+00
1.701999999999999957e+01 2.855600000000000094e+01 7.988999999999999879e+00 4.663000000000000256e+00
2.679200000000000159e+01 3.995199999999999818e+01 8.256000000000000227e+00 6.030999999999999694e+00
3.875800000000000267e+01 5.331199999999999761e+01 8.207000000000000739e+00 7.490999999999999659e+00
5.256099999999999994e+01 6.876600000000000534e+01 8.307999999999999829e+00 9.060000000000000497e+00
6.842499999999999716e+01 8.634300000000000352e+01 8.367000000000000881e+00 1.072899999999999920e+01
8.642100000000000648e+01 1.062090000000000032e+02 8.446999999999999176e+00 1.252299999999999969e+01
1.069000000000000057e+02 1.287750000000000057e+02 8.550000000000000711e+00 1.450699999999999967e+01
1.264050000000000011e+02 1.496689999999999827e+02 8.099000000000000199e+00 1.639999999999999858e+01
1.410010000000000048e+02 1.649569999999999936e+02 7.767999999999999794e+00 1.745100000000000051e+01
1.523429999999999893e+02 1.767319999999999993e+02 7.557999999999999829e+00 1.811700000000000088e+01
1.614209999999999923e+02 1.861759999999999877e+02 7.447000000000000064e+00 1.861499999999999844e+01
1.688290000000000077e+02 1.938810000000000002e+02 7.355999999999999872e+00 1.902599999999999980e+01
1.750120000000000005e+02 2.003269999999999982e+02 7.275999999999999801e+00 1.939300000000000068e+01
1.801990000000000123e+02 2.057750000000000057e+02 7.229000000000000092e+00 1.972400000000000020e+01
1.846670000000000016e+02 2.104369999999999834e+02 7.142000000000000348e+00 2.002899999999999991e+01
1.885120000000000005e+02 2.144849999999999852e+02 7.078999999999999737e+00 2.031700000000000017e+01
1.918849999999999909e+02 2.180330000000000155e+02 7.001000000000000334e+00 2.059299999999999997e+01
1.948429999999999893e+02 2.211550000000000011e+02 6.924000000000000377e+00 2.085999999999999943e+01
1.974960000000000093e+02 2.239279999999999973e+02 6.820999999999999730e+00 2.112199999999999989e+01
1.999019999999999868e+02 2.264039999999999964e+02 6.669999999999999929e+00 2.137800000000000011e+01
2.021109999999999900e+02 2.286370000000000005e+02 6.482000000000000206e+00 2.163299999999999912e+01
2.041299999999999955e+02 2.306529999999999916e+02 6.304999999999999716e+00 2.188599999999999923e+01
2.059370000000000118e+02 2.324850000000000136e+02 6.280999999999999694e+00 2.213700000000000045e+01
2.075819999999999936e+02 2.341550000000000011e+02 6.259000000000000341e+00 2.238700000000000045e+01
2.090910000000000082e+02 2.356880000000000166e+02 6.240000000000000213e+00 2.263599999999999923e+01
2.104780000000000086e+02 2.371000000000000227e+02 6.222000000000000419e+00 2.288500000000000156e+01
2.117529999999999859e+02 2.384039999999999964e+02 6.206000000000000405e+00 2.313299999999999912e+01
2.129329999999999927e+02 2.396129999999999995e+02 6.192000000000000171e+00 2.337999999999999901e+01
2.140260000000000105e+02 2.407370000000000232e+02 6.179000000000000270e+00 2.362699999999999889e+01
2.150469999999999970e+02 2.417909999999999968e+02 6.165000000000000036e+00 2.387399999999999878e+01
2.159900000000000091e+02 2.427749999999999773e+02 6.147999999999999687e+00 2.412099999999999866e+01
2.168569999999999993e+02 2.436999999999999886e+02 6.136000000000000121e+00 2.436799999999999855e+01
2.176560000000000059e+02 2.445699999999999932e+02 6.125000000000000000e+00 2.461400000000000077e+01
2.183979999999999961e+02 2.453919999999999959e+02 6.115000000000000213e+00 2.485999999999999943e+01
2.190860000000000127e+02 2.461730000000000018e+02 6.107000000000000206e+00 2.510600000000000165e+01
2.197249999999999943e+02 2.469110000000000014e+02 6.099000000000000199e+00 2.535200000000000031e+01
2.203180000000000121e+02 2.476119999999999948e+02 6.091999999999999638e+00 2.559799999999999898e+01
