1.130000000000000032e-01 1.310000000000000053e-01 6.560000000000000275e-01 1.650000000000000078e-01
1.130000000000000032e-01 2.620000000000000107e-01 6.870000000000000551e-01 2.889999999999999791e-01
1.130000000000000032e-01 3.930000000000000160e-01 7.149999999999999689e-01 4.149999999999999800e-01
1.130000000000000032e-01 5.250000000000000222e-01 7.429999999999999938e-01 5.410000000000000364e-01
1.130000000000000032e-01 6.560000000000000275e-01 7.700000000000000178e-01 6.670000000000000373e-01
1.130000000000000032e-01 7.870000000000000329e-01 7.950000000000000400e-01 7.960000000000000409e-01
1.130000000000000032e-01 1.213999999999999968e+00 1.112000000000000099e+00 9.300000000000000488e-01
1.330000000000000071e-01 2.967999999999999972e+00 2.545999999999999819e+00 1.233999999999999986e+00
1.078999999999999959e+00 6.442999999999999616e+00 4.366999999999999993e+00 1.931000000000000050e+00
3.794999999999999929e+00 1.181499999999999950e+01 5.899000000000000021e+00 3.073999999999999844e+00
8.730000000000000426e+00 1.920000000000000284e+01 7.030000000000000249e+00 4.410999999999999588e+00
1.593299999999999983e+01 2.856300000000000239e+01 7.759999999999999787e+00 5.854000000000000092e+00
2.541199999999999903e+01 3.996099999999999852e+01 8.150000000000000355e+00 7.397999999999999687e+00
3.704800000000000182e+01 5.332399999999999807e+01 8.256999999999999673e+00 9.035000000000000142e+00
5.075000000000000000e+01 6.878000000000000114e+01 8.285999999999999588e+00 1.078200000000000003e+01
6.641899999999999693e+01 8.635999999999999943e+01 8.369999999999999218e+00 1.262800000000000011e+01
8.424399999999999977e+01 1.062319999999999993e+02 8.455000000000000071e+00 1.460200000000000031e+01
1.045789999999999935e+02 1.288059999999999832e+02 8.538000000000000256e+00 1.676999999999999957e+01
1.238679999999999950e+02 1.496899999999999977e+02 8.112999999999999545e+00 1.883699999999999974e+01
1.383089999999999975e+02 1.649729999999999848e+02 7.758000000000000007e+00 2.006200000000000117e+01
1.494439999999999884e+02 1.767439999999999998e+02 7.570999999999999730e+00 2.090299999999999869e+01
1.583460000000000036e+02 1.861839999999999975e+02 7.453999999999999737e+00 2.157799999999999940e+01
1.655639999999999930e+02 1.938849999999999909e+02 7.366999999999999993e+00 2.216700000000000159e+01
1.715540000000000020e+02 2.003280000000000030e+02 7.294999999999999929e+00 2.271399999999999864e+01
1.765910000000000082e+02 2.057740000000000009e+02 7.213000000000000078e+00 2.322500000000000142e+01
1.808650000000000091e+02 2.104350000000000023e+02 7.136999999999999567e+00 2.371000000000000085e+01
1.845529999999999973e+02 2.144809999999999945e+02 7.048000000000000043e+00 2.417899999999999849e+01
1.877529999999999859e+02 2.180270000000000152e+02 6.958000000000000185e+00 2.463599999999999923e+01
1.905109999999999957e+02 2.211479999999999961e+02 6.895999999999999908e+00 2.508399999999999963e+01
1.929250000000000114e+02 2.239209999999999923e+02 6.836999999999999744e+00 2.552700000000000102e+01
1.950459999999999923e+02 2.263950000000000102e+02 6.780000000000000249e+00 2.596399999999999864e+01
1.969310000000000116e+02 2.286280000000000143e+02 6.716000000000000192e+00 2.640099999999999980e+01
1.986069999999999993e+02 2.306440000000000055e+02 6.647999999999999687e+00 2.683399999999999963e+01
2.001250000000000000e+02 2.324759999999999991e+02 6.557000000000000384e+00 2.726599999999999824e+01
2.015140000000000100e+02 2.341450000000000102e+02 6.443999999999999950e+00 2.769699999999999918e+01
2.027949999999999875e+02 2.356779999999999973e+02 6.309000000000000163e+00 2.812699999999999889e+01
2.039019999999999868e+02 2.370900000000000034e+02 6.213000000000000078e+00 2.855699999999999861e+01
2.048199999999999932e+02 2.383940000000000055e+02 6.193999999999999950e+00 2.898600000000000065e+01
2.056390000000000100e+02 2.396020000000000039e+02 6.177999999999999936e+00 2.941499999999999915e+01
2.063710000000000093e+02 2.407259999999999991e+02 6.165000000000000036e+00 2.984299999999999997e+01
2.070300000000000011e+02 2.417799999999999727e+02 6.152999999999999581e+00 3.027199999999999847e+01
2.076200000000000045e+02 2.427640000000000100e+02 6.142999999999999794e+00 3.069900000000000162e+01
2.081579999999999870e+02 2.436889999999999930e+02 6.131999999999999673e+00 3.111899999999999977e+01
2.086510000000000105e+02 2.445589999999999975e+02 6.120000000000000107e+00 3.152899999999999991e+01
2.091059999999999945e+02 2.453810000000000002e+02 6.108999999999999986e+00 3.192999999999999972e+01
2.095269999999999868e+02 2.461619999999999777e+02 6.097999999999999865e+00 3.232300000000000040e+01
2.099139999999999873e+02 2.469000000000000057e+02 6.086999999999999744e+00 3.270600000000000307e+01
2.102709999999999866e+02 2.476009999999999991e+02 6.076999999999999957e+00 3.308200000000000074e+01
