1.130000000000000032e-01 1.310000000000000053e-01 6.560000000000000275e-01 1.650000000000000078e-01
1.130000000000000032e-01 2.620000000000000107e-01 6.870000000000000551e-01 2.889999999999999791e-01
1.130000000000000032e-01 3.930000000000000160e-01 7.149999999999999689e-01 4.149999999999999800e-01
1.130000000000000032e-01 5.250000000000000222e-01 7.429999999999999938e-01 5.410000000000000364e-01
1.130000000000000032e-01 6.560000000000000275e-01 7.700000000000000178e-01 6.670000000000000373e-01
1.130000000000000032e-01 7.870000000000000329e-01 7.950000000000000400e-01 7.960000000000000409e-01
1.130000000000000032e-01 1.213999999999999968e+00 1.112000000000000099e+00 9.300000000000000488e-01
1.330000000000000071e-01 2.966999999999999638e+00 2.535000000000000142e+00 1.262999999999999901e+00
1.100999999999999979e+00 6.440999999999999837e+00 4.214999999999999858e+00 2.076000000000000068e+00
3.841000000000000192e+00 1.181099999999999994e+01 5.600999999999999979e+00 3.338000000000000078e+00
8.670999999999999375e+00 1.919500000000000028e+01 6.717999999999999972e+00 4.794999999999999929e+00
1.571899999999999942e+01 2.855600000000000094e+01 7.480000000000000426e+00 6.357000000000000206e+00
2.499299999999999855e+01 3.995199999999999818e+01 7.948999999999999844e+00 8.021000000000000796e+00
3.639099999999999824e+01 5.331199999999999761e+01 8.169000000000000483e+00 9.776999999999999247e+00
4.991100000000000136e+01 6.876600000000000534e+01 8.256999999999999673e+00 1.164300000000000068e+01
6.546399999999999864e+01 8.634300000000000352e+01 8.330000000000000071e+00 1.360800000000000054e+01
8.315999999999999659e+01 1.062100000000000080e+02 8.416000000000000369e+00 1.569899999999999984e+01
1.033649999999999949e+02 1.287769999999999868e+02 8.496999999999999886e+00 1.798499999999999943e+01
1.225460000000000065e+02 1.496699999999999875e+02 8.074999999999999289e+00 2.017399999999999949e+01
1.368750000000000000e+02 1.649579999999999984e+02 7.724000000000000199e+00 2.151000000000000156e+01
1.478979999999999961e+02 1.767330000000000041e+02 7.541000000000000369e+00 2.246699999999999875e+01
1.566839999999999975e+02 1.861769999999999925e+02 7.427999999999999936e+00 2.326000000000000156e+01
1.637839999999999918e+02 1.938810000000000002e+02 7.342999999999999972e+00 2.397200000000000131e+01
1.696719999999999970e+02 2.003280000000000030e+02 7.254999999999999893e+00 2.464199999999999946e+01
1.745949999999999989e+02 2.057750000000000057e+02 7.168999999999999595e+00 2.527700000000000102e+01
1.787599999999999909e+02 2.104379999999999882e+02 7.081000000000000405e+00 2.588500000000000156e+01
1.823439999999999941e+02 2.144869999999999948e+02 6.977999999999999758e+00 2.647800000000000153e+01
1.854139999999999873e+02 2.180339999999999918e+02 6.897000000000000242e+00 2.705900000000000105e+01
1.880420000000000016e+02 2.211560000000000059e+02 6.842999999999999972e+00 2.763100000000000023e+01
1.903319999999999936e+02 2.239300000000000068e+02 6.793000000000000149e+00 2.819800000000000040e+01
1.923309999999999889e+02 2.264060000000000059e+02 6.741999999999999993e+00 2.875900000000000034e+01
1.940939999999999941e+02 2.286390000000000100e+02 6.681000000000000050e+00 2.932000000000000028e+01
1.956459999999999866e+02 2.306550000000000011e+02 6.613000000000000433e+00 2.987699999999999889e+01
1.970420000000000016e+02 2.324879999999999995e+02 6.519999999999999574e+00 3.043400000000000105e+01
1.983089999999999975e+02 2.341570000000000107e+02 6.405000000000000249e+00 3.098799999999999955e+01
1.994619999999999891e+02 2.356899999999999977e+02 6.272000000000000242e+00 3.154200000000000159e+01
2.004389999999999930e+02 2.371030000000000086e+02 6.179999999999999716e+00 3.209700000000000131e+01
2.012270000000000039e+02 2.384070000000000107e+02 6.163999999999999702e+00 3.265100000000000335e+01
2.019190000000000111e+02 2.396160000000000139e+02 6.150999999999999801e+00 3.320300000000000296e+01
2.025279999999999916e+02 2.407400000000000091e+02 6.136000000000000121e+00 3.375500000000000256e+01
2.030639999999999930e+02 2.417930000000000064e+02 6.121999999999999886e+00 3.430799999999999983e+01
2.035339999999999918e+02 2.427780000000000200e+02 6.107999999999999652e+00 3.485900000000000176e+01
2.039550000000000125e+02 2.437029999999999745e+02 6.094000000000000306e+00 3.539900000000000091e+01
2.043319999999999936e+02 2.445729999999999791e+02 6.078999999999999737e+00 3.592900000000000205e+01
2.046819999999999879e+02 2.453949999999999818e+02 6.051999999999999602e+00 3.645000000000000284e+01
2.050130000000000052e+02 2.461759999999999877e+02 6.009999999999999787e+00 3.696300000000000097e+01
2.053259999999999934e+02 2.469139999999999873e+02 5.953999999999999737e+00 3.746699999999999875e+01
2.056229999999999905e+02 2.476149999999999807e+02 5.884999999999999787e+00 3.796300000000000097e+01
