2.500000000000000139e-02 1.310000000000000053e-01 6.189999999999999947e-01 2.879999999999999782e-01
2.500000000000000139e-02 2.620000000000000107e-01 5.879999999999999671e-01 4.749999999999999778e-01
2.500000000000000139e-02 3.930000000000000160e-01 5.600000000000000533e-01 6.580000000000000293e-01
2.500000000000000139e-02 5.250000000000000222e-01 5.310000000000000275e-01 8.409999999999999698e-01
2.500000000000000139e-02 6.560000000000000275e-01 5.010000000000000009e-01 1.024000000000000021e+00
2.500000000000000139e-02 7.870000000000000329e-01 4.680000000000000271e-01 1.211000000000000076e+00
2.500000000000000139e-02 1.213999999999999968e+00 7.269999999999999796e-01 1.401000000000000023e+00
2.699999999999999969e-02 2.966999999999999638e+00 2.123000000000000220e+00 1.762000000000000011e+00
5.460000000000000409e-01 6.441999999999999282e+00 4.288999999999999702e+00 2.519000000000000128e+00
3.137000000000000011e+00 1.181400000000000006e+01 5.902999999999999581e+00 3.728000000000000203e+00
8.015000000000000568e+00 1.919900000000000162e+01 7.033000000000000362e+00 5.121999999999999886e+00
1.516099999999999959e+01 2.856300000000000239e+01 7.764000000000000234e+00 6.621000000000000441e+00
2.458299999999999841e+01 3.996099999999999852e+01 8.153999999999999915e+00 8.223000000000000753e+00
3.616199999999999903e+01 5.332300000000000040e+01 8.260999999999999233e+00 9.916999999999999815e+00
4.980700000000000216e+01 6.878000000000000114e+01 8.289999999999999147e+00 1.172100000000000009e+01
6.541899999999999693e+01 8.635999999999999943e+01 8.372999999999999332e+00 1.362400000000000055e+01
8.318699999999999761e+01 1.062319999999999993e+02 8.458999999999999631e+00 1.565399999999999991e+01
1.034650000000000034e+02 1.288050000000000068e+02 8.541999999999999815e+00 1.787900000000000134e+01
1.226970000000000027e+02 1.496889999999999930e+02 8.118000000000000327e+00 2.000499999999999901e+01
1.370809999999999889e+02 1.649729999999999848e+02 7.761999999999999567e+00 2.128800000000000026e+01
1.481589999999999918e+02 1.767429999999999950e+02 7.575000000000000178e+00 2.218700000000000117e+01
1.570039999999999907e+02 1.861829999999999927e+02 7.458000000000000185e+00 2.291700000000000159e+01
1.641649999999999920e+02 1.938849999999999909e+02 7.371999999999999886e+00 2.356299999999999883e+01
1.700980000000000132e+02 2.003280000000000030e+02 7.299999999999999822e+00 2.416700000000000159e+01
1.750780000000000030e+02 2.057729999999999961e+02 7.217999999999999972e+00 2.473499999999999943e+01
1.792949999999999875e+02 2.104339999999999975e+02 7.142000000000000348e+00 2.527599999999999980e+01
1.829259999999999877e+02 2.144809999999999945e+02 7.054000000000000270e+00 2.580199999999999960e+01
1.860689999999999884e+02 2.180270000000000152e+02 6.964000000000000412e+00 2.631599999999999895e+01
1.887700000000000102e+02 2.211479999999999961e+02 6.902000000000000135e+00 2.682100000000000151e+01
1.911260000000000048e+02 2.239200000000000159e+02 6.842999999999999972e+00 2.732000000000000028e+01
1.931910000000000025e+02 2.263950000000000102e+02 6.785999999999999588e+00 2.781500000000000128e+01
1.950190000000000055e+02 2.286280000000000143e+02 6.722000000000000419e+00 2.830799999999999983e+01
1.966339999999999861e+02 2.306430000000000007e+02 6.657000000000000028e+00 2.879899999999999949e+01
1.980190000000000055e+02 2.324749999999999943e+02 6.637999999999999901e+00 2.928800000000000026e+01
1.992450000000000045e+02 2.341440000000000055e+02 6.620000000000000107e+00 2.977499999999999858e+01
2.003340000000000032e+02 2.356770000000000209e+02 6.599000000000000199e+00 3.026200000000000045e+01
2.013060000000000116e+02 2.370900000000000034e+02 6.578000000000000291e+00 3.075000000000000000e+01
2.021659999999999968e+02 2.383930000000000007e+02 6.559000000000000163e+00 3.123600000000000065e+01
2.029269999999999925e+02 2.396020000000000039e+02 6.544999999999999929e+00 3.172200000000000131e+01
2.036009999999999991e+02 2.407259999999999991e+02 6.533000000000000362e+00 3.220600000000000307e+01
2.042040000000000077e+02 2.417789999999999964e+02 6.519999999999999574e+00 3.269200000000000017e+01
2.047500000000000000e+02 2.427640000000000100e+02 6.496000000000000441e+00 3.317699999999999960e+01
2.052479999999999905e+02 2.436889999999999930e+02 6.461999999999999744e+00 3.366199999999999903e+01
2.057009999999999934e+02 2.445579999999999927e+02 6.418999999999999595e+00 3.414600000000000080e+01
2.061160000000000139e+02 2.453810000000000002e+02 6.368999999999999773e+00 3.463000000000000256e+01
2.064960000000000093e+02 2.461610000000000014e+02 6.312999999999999723e+00 3.511500000000000199e+01
2.068420000000000130e+02 2.468990000000000009e+02 6.251999999999999780e+00 3.559899999999999665e+01
2.071589999999999918e+02 2.475999999999999943e+02 6.185999999999999943e+00 3.608299999999999841e+01
