1.340000000000000080e-01 1.310000000000000053e-01 5.540000000000000480e-01 2.449999999999999956e-01
1.340000000000000080e-01 2.620000000000000107e-01 4.729999999999999760e-01 4.819999999999999840e-01
1.340000000000000080e-01 3.930000000000000160e-01 3.900000000000000133e-01 7.189999999999999725e-01
1.340000000000000080e-01 5.250000000000000222e-01 3.059999999999999942e-01 9.599999999999999645e-01
1.340000000000000080e-01 6.560000000000000275e-01 2.159999999999999976e-01 1.203999999999999959e+00
1.340000000000000080e-01 7.870000000000000329e-01 1.729999999999999871e-01 1.449000000000000066e+00
1.340000000000000080e-01 1.213999999999999968e+00 4.600000000000000200e-01 1.697999999999999954e+00
2.190000000000000002e-01 2.966999999999999638e+00 1.774999999999999911e+00 2.153000000000000025e+00
1.125000000000000000e+00 6.440999999999999837e+00 3.475000000000000089e+00 3.080000000000000071e+00
3.391999999999999904e+00 1.181099999999999994e+01 5.227000000000000313e+00 4.463000000000000078e+00
7.814000000000000057e+00 1.919500000000000028e+01 6.621000000000000441e+00 6.033999999999999808e+00
1.464799999999999969e+01 2.855600000000000094e+01 7.474000000000000199e+00 7.709999999999999964e+00
2.379299999999999926e+01 3.995199999999999818e+01 7.956000000000000405e+00 9.487999999999999545e+00
3.507699999999999818e+01 5.331199999999999761e+01 8.176000000000000156e+00 1.135800000000000054e+01
4.848299999999999699e+01 6.876600000000000534e+01 8.263999999999999346e+00 1.333799999999999919e+01
6.392199999999999704e+01 8.634300000000000352e+01 8.336999999999999744e+00 1.541799999999999926e+01
8.150400000000000489e+01 1.062100000000000080e+02 8.423000000000000043e+00 1.762199999999999989e+01
1.015949999999999989e+02 1.287769999999999868e+02 8.505000000000000782e+00 2.002100000000000080e+01
1.206620000000000061e+02 1.496699999999999875e+02 8.082000000000000739e+00 2.231899999999999906e+01
1.348760000000000048e+02 1.649579999999999984e+02 7.730999999999999872e+00 2.376999999999999957e+01
1.457870000000000061e+02 1.767330000000000041e+02 7.548000000000000043e+00 2.483999999999999986e+01
1.544590000000000032e+02 1.861769999999999925e+02 7.435999999999999943e+00 2.574599999999999866e+01
1.614459999999999980e+02 1.938810000000000002e+02 7.350999999999999979e+00 2.657100000000000151e+01
1.672199999999999989e+02 2.003280000000000030e+02 7.262999999999999901e+00 2.735399999999999920e+01
1.720300000000000011e+02 2.057750000000000057e+02 7.179000000000000270e+00 2.810099999999999909e+01
1.760819999999999936e+02 2.104379999999999882e+02 7.091000000000000192e+00 2.882300000000000040e+01
1.795519999999999925e+02 2.144869999999999948e+02 6.988000000000000433e+00 2.952899999999999991e+01
1.825089999999999861e+02 2.180339999999999918e+02 6.905999999999999694e+00 3.022400000000000020e+01
1.850279999999999916e+02 2.211560000000000059e+02 6.849999999999999645e+00 3.091000000000000014e+01
1.872439999999999998e+02 2.239300000000000068e+02 6.764000000000000234e+00 3.159100000000000108e+01
1.892179999999999893e+02 2.264060000000000059e+02 6.626999999999999780e+00 3.226599999999999824e+01
1.909989999999999952e+02 2.286390000000000100e+02 6.447000000000000064e+00 3.294100000000000250e+01
1.925939999999999941e+02 2.306539999999999964e+02 6.274000000000000021e+00 3.361200000000000188e+01
1.939830000000000041e+02 2.324869999999999948e+02 6.251999999999999780e+00 3.428300000000000125e+01
1.952139999999999986e+02 2.341560000000000059e+02 6.229000000000000092e+00 3.495100000000000051e+01
1.963040000000000020e+02 2.356890000000000214e+02 6.208999999999999631e+00 3.561899999999999977e+01
1.972690000000000055e+02 2.371020000000000039e+02 6.192999999999999616e+00 3.628799999999999670e+01
1.981250000000000000e+02 2.384050000000000011e+02 6.176999999999999602e+00 3.695499999999999829e+01
1.988839999999999861e+02 2.396140000000000043e+02 6.163999999999999702e+00 3.762199999999999989e+01
1.995610000000000070e+02 2.407379999999999995e+02 6.150000000000000355e+00 3.828799999999999670e+01
2.001620000000000061e+02 2.417919999999999732e+02 6.136000000000000121e+00 3.895600000000000307e+01
2.006819999999999879e+02 2.427769999999999868e+02 6.123000000000000220e+00 3.962199999999999989e+01
2.011289999999999907e+02 2.437019999999999982e+02 6.110999999999999766e+00 4.028799999999999670e+01
2.015099999999999909e+02 2.445709999999999980e+02 6.099000000000000199e+00 4.095199999999999818e+01
2.018449999999999989e+02 2.453939999999999770e+02 6.076999999999999957e+00 4.161800000000000210e+01
2.021430000000000007e+02 2.461739999999999782e+02 6.038999999999999702e+00 4.228499999999999659e+01
2.024070000000000107e+02 2.469129999999999825e+02 5.987000000000000099e+00 4.295000000000000284e+01
2.026399999999999864e+02 2.476140000000000043e+02 5.921999999999999709e+00 4.361500000000000199e+01
