1.130000000000000032e-01 1.310000000000000053e-01 7.610000000000000098e-01 6.199999999999999956e-02
1.130000000000000032e-01 2.620000000000000107e-01 9.070000000000000284e-01 7.099999999999999367e-02
1.469999999999999918e-01 3.930000000000000160e-01 1.014999999999999902e+00 8.300000000000000433e-02
2.670000000000000151e-01 5.250000000000000222e-01 1.036999999999999922e+00 9.500000000000000111e-02
3.870000000000000107e-01 6.560000000000000275e-01 1.058000000000000052e+00 1.069999999999999979e-01
5.070000000000000062e-01 7.870000000000000329e-01 1.076999999999999957e+00 1.219999999999999973e-01
6.500000000000000222e-01 1.213999999999999968e+00 1.364999999999999991e+00 1.419999999999999873e-01
9.379999999999999449e-01 2.966999999999999638e+00 2.673999999999999932e+00 3.019999999999999907e-01
2.076000000000000068e+00 6.439999999999999503e+00 4.528999999999999915e+00 7.700000000000000178e-01
4.900000000000000355e+00 1.181099999999999994e+01 6.184999999999999609e+00 1.681000000000000050e+00
1.006799999999999962e+01 1.919400000000000261e+01 7.309000000000000163e+00 2.783999999999999808e+00
1.754400000000000048e+01 2.855600000000000094e+01 7.996000000000000441e+00 3.992999999999999883e+00
2.738899999999999935e+01 3.995199999999999818e+01 8.250999999999999446e+00 5.302999999999999936e+00
3.941199999999999903e+01 5.331199999999999761e+01 8.201999999999999957e+00 6.706000000000000405e+00
5.327199999999999847e+01 6.876600000000000534e+01 8.303000000000000824e+00 8.217999999999999972e+00
6.919299999999999784e+01 8.634300000000000352e+01 8.362000000000000099e+00 9.829000000000000625e+00
8.724599999999999511e+01 1.062090000000000032e+02 8.442000000000000171e+00 1.156700000000000017e+01
1.077819999999999965e+02 1.287750000000000057e+02 8.544999999999999929e+00 1.349399999999999977e+01
1.273439999999999941e+02 1.496689999999999827e+02 8.093999999999999417e+00 1.532900000000000063e+01
1.419970000000000141e+02 1.649569999999999936e+02 7.761999999999999567e+00 1.632400000000000162e+01
1.533950000000000102e+02 1.767319999999999993e+02 7.552999999999999936e+00 1.693299999999999983e+01
1.625289999999999964e+02 1.861759999999999877e+02 7.442999999999999616e+00 1.737399999999999878e+01
1.699939999999999998e+02 1.938810000000000002e+02 7.352999999999999758e+00 1.772800000000000153e+01
1.762340000000000089e+02 2.003269999999999982e+02 7.274000000000000021e+00 1.803699999999999903e+01
1.814770000000000039e+02 2.057750000000000057e+02 7.227999999999999758e+00 1.830999999999999872e+01
1.860000000000000000e+02 2.104369999999999834e+02 7.142000000000000348e+00 1.855799999999999983e+01
1.899029999999999916e+02 2.144849999999999852e+02 7.078999999999999737e+00 1.878900000000000148e+01
1.933319999999999936e+02 2.180330000000000155e+02 7.001999999999999780e+00 1.900799999999999912e+01
1.963420000000000130e+02 2.211550000000000011e+02 6.927999999999999936e+00 1.921799999999999997e+01
1.990109999999999957e+02 2.239279999999999973e+02 6.860000000000000320e+00 1.942299999999999827e+01
2.013839999999999861e+02 2.264039999999999964e+02 6.796999999999999709e+00 1.962300000000000111e+01
2.035180000000000007e+02 2.286380000000000052e+02 6.727999999999999758e+00 1.982000000000000028e+01
2.054379999999999882e+02 2.306529999999999916e+02 6.653999999999999915e+00 2.001599999999999824e+01
2.071980000000000075e+02 2.324860000000000184e+02 6.559999999999999609e+00 2.021000000000000085e+01
2.088249999999999886e+02 2.341550000000000011e+02 6.445999999999999730e+00 2.040299999999999869e+01
2.103410000000000082e+02 2.356890000000000214e+02 6.312999999999999723e+00 2.059499999999999886e+01
2.116829999999999927e+02 2.371009999999999991e+02 6.219000000000000306e+00 2.078699999999999903e+01
2.128340000000000032e+02 2.384050000000000011e+02 6.203000000000000291e+00 2.097800000000000153e+01
2.138880000000000052e+02 2.396140000000000043e+02 6.189000000000000057e+00 2.116799999999999926e+01
2.148580000000000041e+02 2.407379999999999995e+02 6.176000000000000156e+00 2.135800000000000054e+01
2.157570000000000050e+02 2.417919999999999732e+02 6.160999999999999588e+00 2.154799999999999827e+01
2.165900000000000034e+02 2.427760000000000105e+02 6.144999999999999574e+00 2.173799999999999955e+01
2.173650000000000091e+02 2.437009999999999934e+02 6.131000000000000227e+00 2.192299999999999827e+01
2.180949999999999989e+02 2.445709999999999980e+02 6.118000000000000327e+00 2.209900000000000020e+01
2.187860000000000014e+02 2.453939999999999770e+02 6.104000000000000092e+00 2.226599999999999824e+01
2.194420000000000073e+02 2.461739999999999782e+02 6.091000000000000192e+00 2.242399999999999949e+01
2.200639999999999930e+02 2.469120000000000061e+02 6.078999999999999737e+00 2.257400000000000162e+01
2.206560000000000059e+02 2.476129999999999995e+02 6.067999999999999616e+00 2.271600000000000108e+01
