0.000000000000000000e+00 1.310000000000000053e-01 8.100000000000000533e-01 1.049999999999999961e-01
0.000000000000000000e+00 2.620000000000000107e-01 8.409999999999999698e-01 2.280000000000000082e-01
0.000000000000000000e+00 3.930000000000000160e-01 8.699999999999999956e-01 3.529999999999999805e-01
0.000000000000000000e+00 5.250000000000000222e-01 8.980000000000000204e-01 4.789999999999999813e-01
0.000000000000000000e+00 6.560000000000000275e-01 9.270000000000000462e-01 6.039999999999999813e-01
0.000000000000000000e+00 7.870000000000000329e-01 9.519999999999999574e-01 7.319999999999999840e-01
0.000000000000000000e+00 1.213999999999999968e+00 1.268999999999999906e+00 8.649999999999999911e-01
0.000000000000000000e+00 2.967999999999999972e+00 2.775999999999999801e+00 1.102999999999999980e+00
1.169000000000000039e+00 6.441999999999999282e+00 4.543999999999999595e+00 1.633999999999999897e+00
4.254999999999999893e+00 1.181499999999999950e+01 5.892999999999999794e+00 2.617999999999999883e+00
9.345000000000000639e+00 1.920000000000000284e+01 7.022999999999999687e+00 3.798999999999999932e+00
1.670200000000000173e+01 2.856300000000000239e+01 7.753000000000000114e+00 5.088000000000000078e+00
2.633500000000000085e+01 3.996099999999999852e+01 8.143000000000000682e+00 6.477999999999999758e+00
3.812299999999999756e+01 5.332399999999999807e+01 8.250000000000000000e+00 7.963000000000000078e+00
5.197800000000000153e+01 6.878000000000000114e+01 8.278999999999999915e+00 9.557999999999999829e+00
6.779699999999999704e+01 8.635999999999999943e+01 8.362000000000000099e+00 1.125399999999999956e+01
8.577200000000000557e+01 1.062319999999999993e+02 8.448000000000000398e+00 1.307699999999999996e+01
1.062560000000000002e+02 1.288059999999999832e+02 8.532000000000000028e+00 1.509600000000000009e+01
1.256940000000000026e+02 1.496899999999999977e+02 8.106999999999999318e+00 1.701200000000000045e+01
1.402949999999999875e+02 1.649729999999999848e+02 7.753000000000000114e+00 1.807199999999999918e+01
1.516030000000000086e+02 1.767439999999999998e+02 7.560999999999999943e+00 1.874699999999999989e+01
1.606730000000000018e+02 1.861839999999999975e+02 7.427999999999999936e+00 1.926800000000000068e+01
1.680560000000000116e+02 1.938849999999999909e+02 7.331000000000000405e+00 1.970400000000000063e+01
1.742100000000000080e+02 2.003280000000000030e+02 7.253999999999999559e+00 2.009100000000000108e+01
1.794110000000000014e+02 2.057729999999999961e+02 7.168000000000000149e+00 2.044300000000000139e+01
1.838480000000000132e+02 2.104350000000000023e+02 7.086999999999999744e+00 2.076899999999999835e+01
1.876999999999999886e+02 2.144809999999999945e+02 6.995000000000000107e+00 2.107700000000000173e+01
1.910639999999999930e+02 2.180270000000000152e+02 6.902999999999999581e+00 2.137399999999999878e+01
1.939850000000000136e+02 2.211479999999999961e+02 6.838000000000000078e+00 2.166100000000000136e+01
1.965620000000000118e+02 2.239200000000000159e+02 6.777000000000000135e+00 2.194099999999999895e+01
1.988470000000000084e+02 2.263950000000000102e+02 6.717999999999999972e+00 2.221699999999999875e+01
2.008959999999999866e+02 2.286280000000000143e+02 6.653999999999999915e+00 2.249099999999999966e+01
2.027309999999999945e+02 2.306430000000000007e+02 6.589000000000000412e+00 2.276200000000000045e+01
2.043369999999999891e+02 2.324759999999999991e+02 6.567999999999999616e+00 2.303099999999999881e+01
2.057839999999999918e+02 2.341450000000000102e+02 6.549000000000000377e+00 2.329899999999999949e+01
2.070929999999999893e+02 2.356770000000000209e+02 6.527999999999999581e+00 2.356599999999999895e+01
2.082860000000000014e+02 2.370900000000000034e+02 6.506000000000000227e+00 2.383299999999999841e+01
2.093660000000000139e+02 2.383930000000000007e+02 6.488000000000000433e+00 2.409900000000000020e+01
2.103470000000000084e+02 2.396020000000000039e+02 6.472999999999999865e+00 2.436400000000000077e+01
2.112410000000000139e+02 2.407259999999999991e+02 6.461000000000000298e+00 2.462900000000000134e+01
2.120620000000000118e+02 2.417799999999999727e+02 6.450000000000000178e+00 2.489499999999999957e+01
2.128139999999999930e+02 2.427640000000000100e+02 6.440999999999999837e+00 2.515899999999999892e+01
2.135049999999999955e+02 2.436889999999999930e+02 6.432999999999999829e+00 2.542399999999999949e+01
2.141399999999999864e+02 2.445589999999999975e+02 6.424999999999999822e+00 2.568700000000000117e+01
2.147270000000000039e+02 2.453810000000000002e+02 6.418999999999999595e+00 2.595100000000000051e+01
2.152709999999999866e+02 2.461610000000000014e+02 6.413000000000000256e+00 2.621600000000000108e+01
2.157729999999999961e+02 2.469000000000000057e+02 6.407000000000000028e+00 2.648000000000000043e+01
2.162379999999999995e+02 2.476009999999999991e+02 6.402000000000000135e+00 2.674299999999999855e+01
