2.500000000000000139e-02 1.310000000000000053e-01 7.219999999999999751e-01 1.859999999999999987e-01
2.500000000000000139e-02 2.620000000000000107e-01 8.050000000000000488e-01 2.600000000000000089e-01
2.500000000000000139e-02 3.930000000000000160e-01 8.900000000000000133e-01 3.290000000000000147e-01
2.500000000000000139e-02 5.250000000000000222e-01 9.749999999999999778e-01 3.980000000000000204e-01
2.500000000000000139e-02 6.560000000000000275e-01 1.058999999999999941e+00 4.670000000000000262e-01
7.699999999999999900e-02 7.870000000000000329e-01 1.088999999999999968e+00 5.390000000000000346e-01
1.630000000000000060e-01 1.213999999999999968e+00 1.375999999999999890e+00 6.159999999999999920e-01
3.770000000000000018e-01 2.966999999999999638e+00 2.673999999999999932e+00 8.629999999999999893e-01
1.298999999999999932e+00 6.441999999999999282e+00 4.549999999999999822e+00 1.504999999999999893e+00
4.275999999999999801e+00 1.181400000000000006e+01 5.894999999999999574e+00 2.596000000000000085e+00
9.268000000000000682e+00 1.919900000000000162e+01 7.025999999999999801e+00 3.875999999999999890e+00
1.652700000000000102e+01 2.856300000000000239e+01 7.756000000000000227e+00 5.261999999999999567e+00
2.606299999999999883e+01 3.996099999999999852e+01 8.146000000000000796e+00 6.750000000000000000e+00
3.775600000000000023e+01 5.332300000000000040e+01 8.253000000000000114e+00 8.330000000000000071e+00
5.151599999999999824e+01 6.878000000000000114e+01 8.282000000000000028e+00 1.001999999999999957e+01
6.724200000000000443e+01 8.635999999999999943e+01 8.365000000000000213e+00 1.180899999999999928e+01
8.512399999999999523e+01 1.062319999999999993e+02 8.449999999999999289e+00 1.372499999999999964e+01
1.055160000000000053e+02 1.288050000000000068e+02 8.532999999999999474e+00 1.583699999999999974e+01
1.248619999999999948e+02 1.496889999999999930e+02 8.108999999999999986e+00 1.784799999999999898e+01
1.393590000000000089e+02 1.649729999999999848e+02 7.753999999999999559e+00 1.901500000000000057e+01
1.505519999999999925e+02 1.767429999999999950e+02 7.567999999999999616e+00 1.979899999999999949e+01
1.595109999999999957e+02 1.861829999999999927e+02 7.450999999999999623e+00 2.041600000000000037e+01
1.667860000000000014e+02 1.938849999999999909e+02 7.363999999999999879e+00 2.094900000000000162e+01
1.728329999999999984e+02 2.003280000000000030e+02 7.291000000000000369e+00 2.143900000000000006e+01
1.779269999999999925e+02 2.057729999999999961e+02 7.208999999999999631e+00 2.189300000000000068e+01
1.822580000000000098e+02 2.104339999999999975e+02 7.131999999999999673e+00 2.232199999999999918e+01
1.860029999999999859e+02 2.144809999999999945e+02 7.043000000000000149e+00 2.273400000000000176e+01
1.892599999999999909e+02 2.180270000000000152e+02 6.953000000000000291e+00 2.313400000000000034e+01
1.920749999999999886e+02 2.211479999999999961e+02 6.891000000000000014e+00 2.352499999999999858e+01
1.945449999999999875e+02 2.239200000000000159e+02 6.831999999999999851e+00 2.391100000000000136e+01
1.967230000000000132e+02 2.263950000000000102e+02 6.775000000000000355e+00 2.429100000000000037e+01
1.986659999999999968e+02 2.286280000000000143e+02 6.711000000000000298e+00 2.467099999999999937e+01
2.003950000000000102e+02 2.306430000000000007e+02 6.645999999999999908e+00 2.504700000000000060e+01
2.018940000000000055e+02 2.324749999999999943e+02 6.628000000000000114e+00 2.542200000000000060e+01
2.032350000000000136e+02 2.341440000000000055e+02 6.607999999999999652e+00 2.579599999999999937e+01
2.044379999999999882e+02 2.356770000000000209e+02 6.588000000000000078e+00 2.616900000000000048e+01
2.055250000000000057e+02 2.370900000000000034e+02 6.567000000000000171e+00 2.654200000000000159e+01
2.064989999999999952e+02 2.383930000000000007e+02 6.549000000000000377e+00 2.691400000000000148e+01
2.073739999999999952e+02 2.396020000000000039e+02 6.533999999999999808e+00 2.728600000000000136e+01
2.081620000000000061e+02 2.407259999999999991e+02 6.522000000000000242e+00 2.765700000000000003e+01
2.088789999999999907e+02 2.417789999999999964e+02 6.509000000000000341e+00 2.802899999999999991e+01
2.095399999999999920e+02 2.427640000000000100e+02 6.485000000000000320e+00 2.839999999999999858e+01
2.101510000000000105e+02 2.436889999999999930e+02 6.450999999999999623e+00 2.876999999999999957e+01
2.107179999999999893e+02 2.445579999999999927e+02 6.408000000000000362e+00 2.914000000000000057e+01
2.112470000000000141e+02 2.453810000000000002e+02 6.357999999999999652e+00 2.951099999999999923e+01
2.117410000000000139e+02 2.461610000000000014e+02 6.301999999999999602e+00 2.988200000000000145e+01
2.122009999999999934e+02 2.468990000000000009e+02 6.240999999999999659e+00 3.025199999999999889e+01
2.126320000000000050e+02 2.475999999999999943e+02 6.174000000000000377e+00 3.062199999999999989e+01
