1.340000000000000080e-01 1.310000000000000053e-01 6.540000000000000258e-01 1.459999999999999909e-01
1.340000000000000080e-01 2.620000000000000107e-01 6.850000000000000533e-01 2.710000000000000187e-01
1.340000000000000080e-01 3.930000000000000160e-01 7.129999999999999671e-01 3.980000000000000204e-01
1.340000000000000080e-01 5.250000000000000222e-01 7.409999999999999920e-01 5.250000000000000222e-01
1.340000000000000080e-01 6.560000000000000275e-01 7.680000000000000160e-01 6.520000000000000240e-01
1.340000000000000080e-01 7.870000000000000329e-01 7.930000000000000382e-01 7.820000000000000284e-01
1.340000000000000080e-01 1.213999999999999968e+00 1.110000000000000098e+00 9.160000000000000364e-01
2.190000000000000002e-01 2.966999999999999638e+00 2.573999999999999844e+00 1.199000000000000066e+00
1.316000000000000059e+00 6.439999999999999503e+00 4.429000000000000270e+00 1.780000000000000027e+00
4.126999999999999780e+00 1.181099999999999994e+01 5.998000000000000220e+00 2.802000000000000046e+00
9.073999999999999844e+00 1.919400000000000261e+01 7.214999999999999858e+00 4.019999999999999574e+00
1.633599999999999852e+01 2.855600000000000094e+01 7.993000000000000327e+00 5.341999999999999638e+00
2.605199999999999960e+01 3.995199999999999818e+01 8.260999999999999233e+00 6.767000000000000348e+00
3.796099999999999852e+01 5.331199999999999761e+01 8.211999999999999744e+00 8.284000000000000696e+00
5.170600000000000307e+01 6.876600000000000534e+01 8.313000000000000611e+00 9.910000000000000142e+00
6.751300000000000523e+01 8.634300000000000352e+01 8.371999999999999886e+00 1.163599999999999923e+01
8.545300000000000296e+01 1.062090000000000032e+02 8.451000000000000512e+00 1.348700000000000010e+01
1.058739999999999952e+02 1.287750000000000057e+02 8.554999999999999716e+00 1.552800000000000047e+01
1.253229999999999933e+02 1.496689999999999827e+02 8.102999999999999758e+00 1.747700000000000031e+01
1.398609999999999900e+02 1.649569999999999936e+02 7.772000000000000242e+00 1.858599999999999852e+01
1.511459999999999866e+02 1.767319999999999993e+02 7.560999999999999943e+00 1.930999999999999872e+01
1.601670000000000016e+02 1.861759999999999877e+02 7.450000000000000178e+00 1.986599999999999966e+01
1.675180000000000007e+02 1.938810000000000002e+02 7.360000000000000320e+00 2.033299999999999841e+01
1.736450000000000102e+02 2.003269999999999982e+02 7.280000000000000249e+00 2.075600000000000023e+01
1.787750000000000057e+02 2.057750000000000057e+02 7.232999999999999652e+00 2.114399999999999835e+01
1.831850000000000023e+02 2.104369999999999834e+02 7.147000000000000242e+00 2.150600000000000023e+01
1.869739999999999895e+02 2.144849999999999852e+02 7.083999999999999631e+00 2.185099999999999909e+01
1.902889999999999873e+02 2.180330000000000155e+02 7.006000000000000227e+00 2.218400000000000105e+01
1.931899999999999977e+02 2.211550000000000011e+02 6.929000000000000270e+00 2.250799999999999912e+01
1.957860000000000014e+02 2.239279999999999973e+02 6.823000000000000398e+00 2.282600000000000051e+01
1.981349999999999909e+02 2.264039999999999964e+02 6.673000000000000043e+00 2.314000000000000057e+01
2.002870000000000061e+02 2.286370000000000005e+02 6.485000000000000320e+00 2.345200000000000173e+01
2.022489999999999952e+02 2.306529999999999916e+02 6.309000000000000163e+00 2.376200000000000045e+01
2.039979999999999905e+02 2.324850000000000136e+02 6.286999999999999922e+00 2.407000000000000028e+01
2.055860000000000127e+02 2.341550000000000011e+02 6.264000000000000234e+00 2.437600000000000122e+01
2.070380000000000109e+02 2.356870000000000118e+02 6.243999999999999773e+00 2.468199999999999861e+01
2.083679999999999950e+02 2.371000000000000227e+02 6.225999999999999979e+00 2.498799999999999955e+01
2.095860000000000127e+02 2.384039999999999964e+02 6.211000000000000298e+00 2.529299999999999926e+01
2.107079999999999984e+02 2.396129999999999995e+02 6.198000000000000398e+00 2.559799999999999898e+01
2.117450000000000045e+02 2.407370000000000232e+02 6.184000000000000163e+00 2.590200000000000102e+01
2.127090000000000032e+02 2.417909999999999968e+02 6.169999999999999929e+00 2.620599999999999952e+01
2.135949999999999989e+02 2.427749999999999773e+02 6.153999999999999915e+00 2.651000000000000156e+01
2.144060000000000059e+02 2.436999999999999886e+02 6.141000000000000014e+00 2.681299999999999883e+01
2.151479999999999961e+02 2.445699999999999932e+02 6.129999999999999893e+00 2.711599999999999966e+01
2.158319999999999936e+02 2.453919999999999959e+02 6.121000000000000441e+00 2.742000000000000171e+01
2.164629999999999939e+02 2.461730000000000018e+02 6.112000000000000099e+00 2.772299999999999898e+01
2.170449999999999875e+02 2.469110000000000014e+02 6.104000000000000092e+00 2.802599999999999980e+01
2.175809999999999889e+02 2.476119999999999948e+02 6.097000000000000419e+00 2.832900000000000063e+01
