2.500000000000000139e-02 1.310000000000000053e-01 7.740000000000000213e-01 1.340000000000000080e-01
2.500000000000000139e-02 2.620000000000000107e-01 9.160000000000000364e-01 1.499999999999999944e-01
5.800000000000000294e-02 3.930000000000000160e-01 1.024000000000000021e+00 1.620000000000000051e-01
1.789999999999999925e-01 5.250000000000000222e-01 1.046000000000000041e+00 1.739999999999999880e-01
2.979999999999999871e-01 6.560000000000000275e-01 1.066999999999999948e+00 1.859999999999999987e-01
4.189999999999999836e-01 7.870000000000000329e-01 1.086000000000000076e+00 2.010000000000000120e-01
5.610000000000000542e-01 1.213999999999999968e+00 1.372999999999999998e+00 2.210000000000000020e-01
8.319999999999999618e-01 2.966999999999999638e+00 2.700000000000000178e+00 3.810000000000000053e-01
1.782999999999999918e+00 6.439999999999999503e+00 4.716000000000000192e+00 8.519999999999999796e-01
4.810999999999999943e+00 1.181099999999999994e+01 6.184000000000000163e+00 1.768999999999999906e+00
9.978999999999999204e+00 1.919400000000000261e+01 7.309000000000000163e+00 2.870999999999999996e+00
1.745499999999999829e+01 2.855500000000000327e+01 7.996000000000000441e+00 4.080000000000000071e+00
2.730000000000000071e+01 3.995100000000000051e+01 8.250999999999999446e+00 5.389999999999999680e+00
3.932200000000000273e+01 5.331099999999999994e+01 8.201999999999999957e+00 6.793999999999999595e+00
5.318200000000000216e+01 6.876600000000000534e+01 8.303000000000000824e+00 8.304999999999999716e+00
6.910299999999999443e+01 8.634199999999999875e+01 8.362000000000000099e+00 9.916999999999999815e+00
8.715699999999999648e+01 1.062090000000000032e+02 8.442000000000000171e+00 1.165399999999999991e+01
1.076929999999999978e+02 1.287750000000000057e+02 8.545999999999999375e+00 1.358399999999999963e+01
1.272549999999999955e+02 1.496689999999999827e+02 8.093999999999999417e+00 1.541999999999999993e+01
1.419079999999999870e+02 1.649569999999999936e+02 7.761999999999999567e+00 1.641499999999999915e+01
1.533060000000000116e+02 1.767309999999999945e+02 7.552999999999999936e+00 1.702499999999999858e+01
1.624399999999999977e+02 1.861749999999999829e+02 7.442999999999999616e+00 1.746600000000000108e+01
1.699050000000000011e+02 1.938799999999999955e+02 7.352999999999999758e+00 1.781899999999999906e+01
1.761450000000000102e+02 2.003269999999999982e+02 7.274000000000000021e+00 1.812800000000000011e+01
1.813880000000000052e+02 2.057740000000000009e+02 7.227999999999999758e+00 1.840200000000000102e+01
1.859110000000000014e+02 2.104369999999999834e+02 7.142000000000000348e+00 1.864999999999999858e+01
1.898139999999999930e+02 2.144849999999999852e+02 7.078999999999999737e+00 1.888100000000000023e+01
1.932429999999999950e+02 2.180320000000000107e+02 7.001999999999999780e+00 1.910000000000000142e+01
1.962529999999999859e+02 2.211539999999999964e+02 6.927999999999999936e+00 1.930999999999999872e+01
1.989230000000000018e+02 2.239279999999999973e+02 6.860000000000000320e+00 1.951399999999999935e+01
2.012959999999999923e+02 2.264039999999999964e+02 6.796999999999999709e+00 1.971399999999999864e+01
2.034300000000000068e+02 2.286370000000000005e+02 6.727999999999999758e+00 1.991199999999999903e+01
2.053489999999999895e+02 2.306529999999999916e+02 6.655000000000000249e+00 2.010699999999999932e+01
2.070329999999999870e+02 2.324860000000000184e+02 6.633000000000000007e+00 2.030199999999999960e+01
2.085529999999999973e+02 2.341550000000000011e+02 6.613000000000000433e+00 2.049399999999999977e+01
2.099360000000000070e+02 2.356880000000000166e+02 6.594000000000000306e+00 2.068599999999999994e+01
2.111980000000000075e+02 2.371009999999999991e+02 6.576999999999999957e+00 2.087800000000000011e+01
2.123449999999999989e+02 2.384050000000000011e+02 6.565000000000000391e+00 2.106899999999999906e+01
2.134000000000000057e+02 2.396140000000000043e+02 6.549999999999999822e+00 2.126000000000000156e+01
2.143689999999999998e+02 2.407379999999999995e+02 6.538000000000000256e+00 2.144999999999999929e+01
2.152700000000000102e+02 2.417919999999999732e+02 6.522000000000000242e+00 2.164000000000000057e+01
2.161169999999999902e+02 2.427769999999999868e+02 6.493000000000000327e+00 2.182999999999999829e+01
2.169130000000000109e+02 2.437019999999999982e+02 6.456000000000000405e+00 2.201899999999999835e+01
2.176630000000000109e+02 2.445709999999999980e+02 6.410999999999999588e+00 2.220799999999999841e+01
2.183750000000000000e+02 2.453939999999999770e+02 6.360000000000000320e+00 2.239699999999999847e+01
2.190529999999999973e+02 2.461749999999999829e+02 6.301999999999999602e+00 2.258699999999999974e+01
2.196949999999999932e+02 2.469129999999999825e+02 6.240000000000000213e+00 2.277599999999999980e+01
2.203079999999999927e+02 2.476140000000000043e+02 6.171999999999999709e+00 2.296499999999999986e+01
