0.000000000000000000e+00 1.310000000000000053e-01 8.100000000000000533e-01 1.049999999999999961e-01
0.000000000000000000e+00 2.620000000000000107e-01 8.409999999999999698e-01 2.280000000000000082e-01
0.000000000000000000e+00 3.930000000000000160e-01 8.699999999999999956e-01 3.529999999999999805e-01
0.000000000000000000e+00 5.250000000000000222e-01 8.980000000000000204e-01 4.789999999999999813e-01
0.000000000000000000e+00 6.560000000000000275e-01 9.270000000000000462e-01 6.039999999999999813e-01
0.000000000000000000e+00 7.870000000000000329e-01 9.519999999999999574e-01 7.319999999999999840e-01
0.000000000000000000e+00 1.213999999999999968e+00 1.268999999999999906e+00 8.649999999999999911e-01
0.000000000000000000e+00 2.966999999999999638e+00 2.765000000000000124e+00 1.131999999999999895e+00
1.189999999999999947e+00 6.439999999999999503e+00 4.394999999999999574e+00 1.778999999999999915e+00
4.299000000000000377e+00 1.181099999999999994e+01 5.596000000000000085e+00 2.883000000000000007e+00
9.284000000000000696e+00 1.919400000000000261e+01 6.713000000000000078e+00 4.184999999999999609e+00
1.648600000000000065e+01 2.855600000000000094e+01 7.474000000000000199e+00 5.592999999999999972e+00
2.591400000000000148e+01 3.995199999999999818e+01 7.942999999999999616e+00 7.105000000000000426e+00
3.746399999999999864e+01 5.331199999999999761e+01 8.163000000000000256e+00 8.708999999999999631e+00
5.113400000000000034e+01 6.876600000000000534e+01 8.250000000000000000e+00 1.042399999999999949e+01
6.683799999999999386e+01 8.634300000000000352e+01 8.323999999999999844e+00 1.223900000000000077e+01
8.468200000000000216e+01 1.062090000000000032e+02 8.409000000000000696e+00 1.417999999999999972e+01
1.050340000000000060e+02 1.287760000000000105e+02 8.492000000000000881e+00 1.631500000000000128e+01
1.243649999999999949e+02 1.496699999999999875e+02 8.069000000000000838e+00 1.834700000000000131e+01
1.388520000000000039e+02 1.649569999999999936e+02 7.717999999999999972e+00 1.952499999999999858e+01
1.500480000000000018e+02 1.767319999999999993e+02 7.527999999999999581e+00 2.031800000000000139e+01
1.590049999999999955e+02 1.861759999999999877e+02 7.395999999999999908e+00 2.095899999999999963e+01
1.662740000000000009e+02 1.938810000000000002e+02 7.299999999999999822e+00 2.151300000000000168e+01
1.723300000000000125e+02 2.003269999999999982e+02 7.208999999999999631e+00 2.201899999999999835e+01
1.774209999999999923e+02 2.057750000000000057e+02 7.118999999999999773e+00 2.248999999999999844e+01
1.817539999999999907e+02 2.104379999999999882e+02 7.025999999999999801e+00 2.293499999999999872e+01
1.855049999999999955e+02 2.144859999999999900e+02 6.918999999999999595e+00 2.336400000000000077e+01
1.887439999999999998e+02 2.180339999999999918e+02 6.834999999999999964e+00 2.378000000000000114e+01
1.915399999999999920e+02 2.211560000000000059e+02 6.778999999999999915e+00 2.418599999999999994e+01
1.939970000000000141e+02 2.239300000000000068e+02 6.727000000000000313e+00 2.458699999999999974e+01
1.961639999999999873e+02 2.264060000000000059e+02 6.674999999999999822e+00 2.498199999999999932e+01
1.980939999999999941e+02 2.286390000000000100e+02 6.613000000000000433e+00 2.537600000000000122e+01
1.998139999999999930e+02 2.306550000000000011e+02 6.544999999999999929e+00 2.576699999999999946e+01
2.013009999999999877e+02 2.324869999999999948e+02 6.522999999999999687e+00 2.615599999999999881e+01
2.026299999999999955e+02 2.341570000000000107e+02 6.500000000000000000e+00 2.654400000000000048e+01
2.038160000000000025e+02 2.356899999999999977e+02 6.482000000000000206e+00 2.693100000000000094e+01
2.048820000000000050e+02 2.371030000000000086e+02 6.466000000000000192e+00 2.731800000000000139e+01
2.058340000000000032e+02 2.384060000000000059e+02 6.453999999999999737e+00 2.770400000000000063e+01
2.066949999999999932e+02 2.396160000000000139e+02 6.440000000000000391e+00 2.808899999999999864e+01
2.074699999999999989e+02 2.407400000000000091e+02 6.426000000000000156e+00 2.847400000000000020e+01
2.081730000000000018e+02 2.417939999999999827e+02 6.413000000000000256e+00 2.885900000000000176e+01
2.088069999999999879e+02 2.427780000000000200e+02 6.400999999999999801e+00 2.924399999999999977e+01
2.093810000000000002e+02 2.437029999999999745e+02 6.389999999999999680e+00 2.962800000000000011e+01
2.099000000000000057e+02 2.445729999999999791e+02 6.378999999999999559e+00 3.001200000000000045e+01
2.103820000000000050e+02 2.453959999999999866e+02 6.357999999999999652e+00 3.039600000000000080e+01
2.108369999999999891e+02 2.461759999999999877e+02 6.322000000000000064e+00 3.078099999999999881e+01
2.112659999999999911e+02 2.469139999999999873e+02 6.270999999999999908e+00 3.116400000000000148e+01
2.116709999999999923e+02 2.476159999999999854e+02 6.206999999999999851e+00 3.154799999999999827e+01
