2.500000000000000139e-02 1.310000000000000053e-01 6.700000000000000400e-01 2.379999999999999893e-01
2.500000000000000139e-02 2.620000000000000107e-01 6.959999999999999520e-01 3.679999999999999938e-01
2.500000000000000139e-02 3.930000000000000160e-01 7.239999999999999769e-01 4.939999999999999947e-01
2.500000000000000139e-02 5.250000000000000222e-01 7.520000000000000018e-01 6.199999999999999956e-01
2.500000000000000139e-02 6.560000000000000275e-01 7.790000000000000258e-01 7.469999999999999973e-01
2.500000000000000139e-02 7.870000000000000329e-01 8.040000000000000480e-01 8.760000000000000009e-01
2.500000000000000139e-02 1.213999999999999968e+00 1.120000000000000107e+00 1.008999999999999897e+00
2.699999999999999969e-02 2.966999999999999638e+00 2.601999999999999869e+00 1.284000000000000030e+00
7.570000000000000062e-01 6.439999999999999503e+00 4.724000000000000199e+00 1.868000000000000105e+00
3.672000000000000153e+00 1.181099999999999994e+01 6.192999999999999616e+00 2.898000000000000131e+00
8.726000000000000867e+00 1.919400000000000261e+01 7.317999999999999616e+00 4.115000000000000213e+00
1.608800000000000097e+01 2.855500000000000327e+01 8.006000000000000227e+00 5.437000000000000277e+00
2.581800000000000139e+01 3.995100000000000051e+01 8.260999999999999233e+00 6.860999999999999766e+00
3.772699999999999676e+01 5.331099999999999994e+01 8.211999999999999744e+00 8.378999999999999559e+00
5.147299999999999898e+01 6.876600000000000534e+01 8.313000000000000611e+00 1.000500000000000078e+01
6.728000000000000114e+01 8.634199999999999875e+01 8.371999999999999886e+00 1.173000000000000043e+01
8.521899999999999409e+01 1.062090000000000032e+02 8.451000000000000512e+00 1.358099999999999952e+01
1.056410000000000053e+02 1.287750000000000057e+02 8.555999999999999162e+00 1.562599999999999945e+01
1.250900000000000034e+02 1.496689999999999827e+02 8.102999999999999758e+00 1.757499999999999929e+01
1.396279999999999859e+02 1.649569999999999936e+02 7.772000000000000242e+00 1.868499999999999872e+01
1.509120000000000061e+02 1.767309999999999945e+02 7.562000000000000277e+00 1.940899999999999892e+01
1.599329999999999927e+02 1.861749999999999829e+02 7.450999999999999623e+00 1.996399999999999864e+01
1.672839999999999918e+02 1.938799999999999955e+02 7.360999999999999766e+00 2.043100000000000094e+01
1.734089999999999918e+02 2.003269999999999982e+02 7.282000000000000028e+00 2.085500000000000043e+01
1.785380000000000109e+02 2.057740000000000009e+02 7.235999999999999766e+00 2.124200000000000088e+01
1.829480000000000075e+02 2.104369999999999834e+02 7.150000000000000355e+00 2.160399999999999920e+01
1.867359999999999900e+02 2.144849999999999852e+02 7.086999999999999744e+00 2.194900000000000162e+01
1.900509999999999877e+02 2.180320000000000107e+02 7.009999999999999787e+00 2.228200000000000003e+01
1.929470000000000027e+02 2.211539999999999964e+02 6.937000000000000277e+00 2.260600000000000165e+01
1.955029999999999859e+02 2.239279999999999973e+02 6.868000000000000327e+00 2.292500000000000071e+01
1.977630000000000052e+02 2.264039999999999964e+02 6.804999999999999716e+00 2.323799999999999955e+01
1.997820000000000107e+02 2.286370000000000005e+02 6.735999999999999766e+00 2.355000000000000071e+01
2.015869999999999891e+02 2.306529999999999916e+02 6.663999999999999702e+00 2.385999999999999943e+01
2.031570000000000107e+02 2.324860000000000184e+02 6.641000000000000014e+00 2.416799999999999926e+01
2.045639999999999930e+02 2.341550000000000011e+02 6.621000000000000441e+00 2.447500000000000142e+01
2.058319999999999936e+02 2.356880000000000166e+02 6.602000000000000313e+00 2.478099999999999881e+01
2.069799999999999898e+02 2.371009999999999991e+02 6.584999999999999964e+00 2.508699999999999974e+01
2.080130000000000052e+02 2.384050000000000011e+02 6.573000000000000398e+00 2.539199999999999946e+01
2.089540000000000077e+02 2.396140000000000043e+02 6.559000000000000163e+00 2.569600000000000151e+01
2.098089999999999975e+02 2.407379999999999995e+02 6.546000000000000263e+00 2.600000000000000000e+01
2.105960000000000036e+02 2.417919999999999732e+02 6.530000000000000249e+00 2.630399999999999849e+01
2.113290000000000077e+02 2.427769999999999868e+02 6.501000000000000334e+00 2.660800000000000054e+01
2.120109999999999957e+02 2.437019999999999982e+02 6.464999999999999858e+00 2.691199999999999903e+01
2.126479999999999961e+02 2.445709999999999980e+02 6.419999999999999929e+00 2.721499999999999986e+01
2.132460000000000093e+02 2.453939999999999770e+02 6.368000000000000327e+00 2.751800000000000068e+01
2.138089999999999975e+02 2.461749999999999829e+02 6.309999999999999609e+00 2.782100000000000151e+01
2.143379999999999939e+02 2.469129999999999825e+02 6.248000000000000220e+00 2.812399999999999878e+01
2.148360000000000127e+02 2.476140000000000043e+02 6.179999999999999716e+00 2.842699999999999960e+01
