1.340000000000000080e-01 1.310000000000000053e-01 6.540000000000000258e-01 1.459999999999999909e-01
1.340000000000000080e-01 2.620000000000000107e-01 6.850000000000000533e-01 2.710000000000000187e-01
1.340000000000000080e-01 3.930000000000000160e-01 7.129999999999999671e-01 3.980000000000000204e-01
1.340000000000000080e-01 5.250000000000000222e-01 7.409999999999999920e-01 5.250000000000000222e-01
1.340000000000000080e-01 6.560000000000000275e-01 7.680000000000000160e-01 6.520000000000000240e-01
1.340000000000000080e-01 7.870000000000000329e-01 7.930000000000000382e-01 7.820000000000000284e-01
1.340000000000000080e-01 1.213999999999999968e+00 1.110000000000000098e+00 9.160000000000000364e-01
2.200000000000000011e-01 2.967999999999999972e+00 2.544000000000000039e+00 1.227999999999999980e+00
1.344000000000000083e+00 6.442999999999999616e+00 4.259000000000000341e+00 1.923999999999999932e+00
4.160999999999999588e+00 1.181499999999999950e+01 5.703999999999999737e+00 3.065999999999999837e+00
8.987999999999999545e+00 1.920000000000000284e+01 6.926999999999999602e+00 4.402999999999999581e+00
1.609100000000000108e+01 2.856300000000000239e+01 7.748000000000000220e+00 5.846000000000000085e+00
2.555600000000000094e+01 3.996099999999999852e+01 8.150000000000000355e+00 7.391000000000000014e+00
3.719200000000000017e+01 5.332399999999999807e+01 8.256999999999999673e+00 9.028000000000000469e+00
5.089399999999999835e+01 6.878000000000000114e+01 8.285999999999999588e+00 1.077500000000000036e+01
6.656300000000000239e+01 8.635999999999999943e+01 8.369999999999999218e+00 1.262100000000000044e+01
8.438800000000000523e+01 1.062319999999999993e+02 8.455000000000000071e+00 1.459399999999999942e+01
1.047240000000000038e+02 1.288059999999999832e+02 8.538000000000000256e+00 1.676300000000000168e+01
1.240130000000000052e+02 1.496899999999999977e+02 8.112999999999999545e+00 1.882999999999999829e+01
1.384530000000000030e+02 1.649729999999999848e+02 7.758000000000000007e+00 2.005499999999999972e+01
1.495900000000000034e+02 1.767439999999999998e+02 7.570000000000000284e+00 2.089600000000000080e+01
1.584919999999999902e+02 1.861839999999999975e+02 7.453000000000000291e+00 2.157000000000000028e+01
1.657100000000000080e+02 1.938849999999999909e+02 7.365999999999999659e+00 2.216000000000000014e+01
1.717009999999999934e+02 2.003280000000000030e+02 7.291999999999999815e+00 2.270599999999999952e+01
1.767390000000000043e+02 2.057740000000000009e+02 7.209999999999999964e+00 2.321799999999999997e+01
1.810130000000000052e+02 2.104350000000000023e+02 7.133000000000000007e+00 2.370299999999999940e+01
1.847019999999999982e+02 2.144809999999999945e+02 7.043999999999999595e+00 2.417200000000000060e+01
1.879019999999999868e+02 2.180270000000000152e+02 6.953999999999999737e+00 2.462900000000000134e+01
1.906649999999999920e+02 2.211479999999999961e+02 6.886999999999999567e+00 2.507700000000000173e+01
1.931239999999999952e+02 2.239200000000000159e+02 6.788000000000000256e+00 2.551899999999999835e+01
1.953410000000000082e+02 2.263950000000000102e+02 6.642000000000000348e+00 2.595700000000000074e+01
1.973629999999999995e+02 2.286280000000000143e+02 6.459999999999999964e+00 2.639300000000000068e+01
1.991930000000000121e+02 2.306440000000000055e+02 6.299999999999999822e+00 2.682700000000000173e+01
2.008180000000000121e+02 2.324759999999999991e+02 6.277000000000000135e+00 2.725900000000000034e+01
2.022820000000000107e+02 2.341450000000000102e+02 6.258000000000000007e+00 2.768900000000000006e+01
2.036090000000000089e+02 2.356779999999999973e+02 6.235999999999999766e+00 2.811899999999999977e+01
2.048199999999999932e+02 2.370900000000000034e+02 6.213000000000000078e+00 2.855000000000000071e+01
2.059170000000000016e+02 2.383930000000000007e+02 6.193999999999999950e+00 2.897899999999999920e+01
2.069170000000000016e+02 2.396020000000000039e+02 6.177999999999999936e+00 2.940800000000000125e+01
2.078280000000000030e+02 2.407259999999999991e+02 6.165000000000000036e+00 2.983500000000000085e+01
2.086649999999999920e+02 2.417799999999999727e+02 6.152999999999999581e+00 3.026399999999999935e+01
2.094209999999999923e+02 2.427640000000000100e+02 6.142999999999999794e+00 3.069200000000000017e+01
2.101030000000000086e+02 2.436889999999999930e+02 6.134000000000000341e+00 3.112000000000000099e+01
2.107179999999999893e+02 2.445589999999999975e+02 6.126000000000000334e+00 3.154700000000000060e+01
2.112760000000000105e+02 2.453810000000000002e+02 6.118000000000000327e+00 3.197400000000000020e+01
2.117820000000000107e+02 2.461619999999999777e+02 6.110999999999999766e+00 3.240200000000000102e+01
2.122379999999999995e+02 2.469000000000000057e+02 6.105000000000000426e+00 3.282900000000000063e+01
2.126490000000000009e+02 2.476009999999999991e+02 6.097999999999999865e+00 3.325600000000000023e+01
