1.340000000000000080e-01 1.310000000000000053e-01 5.540000000000000480e-01 2.449999999999999956e-01
1.340000000000000080e-01 2.620000000000000107e-01 4.729999999999999760e-01 4.819999999999999840e-01
1.340000000000000080e-01 3.930000000000000160e-01 3.900000000000000133e-01 7.189999999999999725e-01
1.340000000000000080e-01 5.250000000000000222e-01 3.059999999999999942e-01 9.599999999999999645e-01
1.340000000000000080e-01 6.560000000000000275e-01 2.159999999999999976e-01 1.203999999999999959e+00
1.340000000000000080e-01 7.870000000000000329e-01 1.729999999999999871e-01 1.449000000000000066e+00
1.340000000000000080e-01 9.180000000000000382e-01 1.900000000000000022e-01 1.695000000000000062e+00
1.340000000000000080e-01 1.053999999999999826e+00 2.109999999999999931e-01 1.941000000000000059e+00
1.340000000000000080e-01 1.198999999999999844e+00 2.399999999999999911e-01 2.185999999999999943e+00
1.340000000000000080e-01 1.357999999999999874e+00 2.829999999999999738e-01 2.431999999999999940e+00
1.340000000000000080e-01 1.539000000000000146e+00 3.439999999999999725e-01 2.678999999999999826e+00
1.340000000000000080e-01 1.752000000000000002e+00 4.339999999999999969e-01 2.926000000000000156e+00
1.340000000000000080e-01 2.015000000000000124e+00 5.659999999999999476e-01 3.177000000000000046e+00
1.340000000000000080e-01 2.314000000000000057e+00 7.109999999999999654e-01 3.466000000000000192e+00
1.340000000000000080e-01 2.634000000000000341e+00 8.569999999999999840e-01 3.791999999999999815e+00
1.340000000000000080e-01 2.969000000000000306e+00 9.849999999999999867e-01 4.171999999999999709e+00
1.340000000000000080e-01 3.312000000000000277e+00 1.042000000000000037e+00 4.693999999999999950e+00
1.340000000000000080e-01 3.661000000000000476e+00 1.064000000000000057e+00 5.282000000000000028e+00
1.340000000000000080e-01 4.001999999999999780e+00 1.066000000000000059e+00 5.892000000000000348e+00
1.340000000000000080e-01 4.326999999999999957e+00 1.050999999999999934e+00 6.504999999999999893e+00
1.340000000000000080e-01 4.636000000000000121e+00 1.028000000000000025e+00 7.102999999999999758e+00
1.340000000000000080e-01 4.935000000000000497e+00 1.004000000000000004e+00 7.684999999999999609e+00
1.340000000000000080e-01 5.221000000000000085e+00 9.819999999999999840e-01 8.244999999999999218e+00
1.340000000000000080e-01 5.499000000000000554e+00 9.629999999999999671e-01 8.788999999999999702e+00
1.340000000000000080e-01 5.767999999999999794e+00 9.459999999999999520e-01 9.314999999999999503e+00
1.340000000000000080e-01 6.028999999999999915e+00 9.310000000000000497e-01 9.824999999999999289e+00
1.340000000000000080e-01 6.283999999999999808e+00 9.180000000000000382e-01 1.032300000000000040e+01
1.340000000000000080e-01 6.532999999999999474e+00 9.060000000000000275e-01 1.080799999999999983e+01
1.340000000000000080e-01 6.775999999999999801e+00 8.950000000000000178e-01 1.128200000000000003e+01
1.340000000000000080e-01 7.014000000000000234e+00 8.850000000000000089e-01 1.174399999999999977e+01
1.340000000000000080e-01 7.246000000000000441e+00 8.770000000000000018e-01 1.219599999999999973e+01
1.340000000000000080e-01 7.474000000000000199e+00 8.679999999999999938e-01 1.264100000000000001e+01
1.340000000000000080e-01 7.698000000000000398e+00 8.609999999999999876e-01 1.307600000000000051e+01
1.340000000000000080e-01 7.919000000000000483e+00 8.539999999999999813e-01 1.350399999999999956e+01
1.340000000000000080e-01 8.134999999999999787e+00 8.479999999999999760e-01 1.392300000000000004e+01
1.340000000000000080e-01 8.348000000000000753e+00 8.419999999999999707e-01 1.433699999999999974e+01
1.340000000000000080e-01 8.557000000000000384e+00 8.369999999999999662e-01 1.474499999999999922e+01
1.340000000000000080e-01 8.762999999999999901e+00 8.319999999999999618e-01 1.514600000000000080e+01
1.340000000000000080e-01 8.966000000000001080e+00 8.269999999999999574e-01 1.554100000000000037e+01
1.340000000000000080e-01 9.166999999999999815e+00 8.229999999999999538e-01 1.593099999999999916e+01
1.340000000000000080e-01 9.365999999999999659e+00 8.189999999999999503e-01 1.631700000000000017e+01
1.340000000000000080e-01 9.560999999999999943e+00 8.149999999999999467e-01 1.669800000000000040e+01
1.340000000000000080e-01 9.754999999999999005e+00 8.120000000000000551e-01 1.707400000000000162e+01
1.340000000000000080e-01 9.945999999999999730e+00 8.080000000000000515e-01 1.744500000000000028e+01
1.340000000000000080e-01 1.013400000000000034e+01 8.050000000000000488e-01 1.781299999999999883e+01
1.340000000000000080e-01 1.032199999999999918e+01 8.030000000000000471e-01 1.817800000000000082e+01
1.340000000000000080e-01 1.050699999999999967e+01 8.000000000000000444e-01 1.853900000000000148e+01
1.340000000000000080e-01 1.069099999999999895e+01 7.980000000000000426e-01 1.889600000000000080e+01
