1.340000000000000080e-01 1.310000000000000053e-01 5.540000000000000480e-01 2.449999999999999956e-01
1.340000000000000080e-01 2.620000000000000107e-01 4.729999999999999760e-01 4.819999999999999840e-01
1.340000000000000080e-01 3.930000000000000160e-01 3.900000000000000133e-01 7.189999999999999725e-01
1.340000000000000080e-01 5.250000000000000222e-01 3.059999999999999942e-01 9.599999999999999645e-01
1.340000000000000080e-01 6.560000000000000275e-01 2.159999999999999976e-01 1.203999999999999959e+00
1.340000000000000080e-01 7.870000000000000329e-01 1.729999999999999871e-01 1.449000000000000066e+00
1.340000000000000080e-01 9.210000000000000409e-01 1.920000000000000040e-01 1.695000000000000062e+00
1.340000000000000080e-01 1.070999999999999952e+00 2.260000000000000064e-01 1.941000000000000059e+00
1.340000000000000080e-01 1.252000000000000002e+00 2.889999999999999791e-01 2.186999999999999833e+00
1.340000000000000080e-01 1.477999999999999980e+00 3.910000000000000142e-01 2.435000000000000053e+00
1.340000000000000080e-01 1.770000000000000018e+00 5.500000000000000444e-01 2.685000000000000053e+00
1.340000000000000080e-01 2.160000000000000142e+00 7.740000000000000213e-01 2.978000000000000203e+00
1.380000000000000115e-01 2.700000000000000178e+00 1.084999999999999964e+00 3.370999999999999996e+00
1.990000000000000102e-01 3.342000000000000082e+00 1.338999999999999968e+00 3.986000000000000210e+00
3.160000000000000031e-01 4.041999999999999815e+00 1.437999999999999945e+00 4.719000000000000306e+00
4.719999999999999751e-01 4.772999999999999687e+00 1.483000000000000096e+00 5.474000000000000199e+00
6.490000000000000213e-01 5.519000000000000128e+00 1.530000000000000027e+00 6.224000000000000199e+00
8.399999999999999689e-01 6.274000000000000021e+00 1.584999999999999964e+00 6.966999999999999638e+00
1.030999999999999917e+00 6.998000000000000220e+00 1.622000000000000108e+00 7.698000000000000398e+00
1.199999999999999956e+00 7.661000000000000476e+00 1.622999999999999998e+00 8.420999999999999375e+00
1.340000000000000080e+00 8.272000000000000242e+00 1.602999999999999980e+00 9.131999999999999673e+00
1.453000000000000069e+00 8.842999999999999972e+00 1.570000000000000062e+00 9.833000000000000185e+00
1.542000000000000037e+00 9.377000000000000668e+00 1.526000000000000023e+00 1.052299999999999969e+01
1.610000000000000098e+00 9.881000000000000227e+00 1.471999999999999975e+00 1.120800000000000018e+01
1.659999999999999920e+00 1.035699999999999932e+01 1.407999999999999918e+00 1.188799999999999990e+01
1.693999999999999950e+00 1.080799999999999983e+01 1.332999999999999963e+00 1.256300000000000061e+01
1.713999999999999968e+00 1.123799999999999955e+01 1.247999999999999998e+00 1.323700000000000010e+01
1.719999999999999973e+00 1.165000000000000036e+01 1.153999999999999915e+00 1.391000000000000014e+01
1.719999999999999973e+00 1.204300000000000104e+01 1.092999999999999972e+00 1.457699999999999996e+01
1.719999999999999973e+00 1.241999999999999993e+01 1.072999999999999954e+00 1.523399999999999999e+01
1.719999999999999973e+00 1.278099999999999881e+01 1.054000000000000048e+00 1.588100000000000023e+01
1.719999999999999973e+00 1.312999999999999901e+01 1.036000000000000032e+00 1.652100000000000080e+01
1.719999999999999973e+00 1.346699999999999875e+01 1.018999999999999906e+00 1.714999999999999858e+01
1.719999999999999973e+00 1.379299999999999926e+01 1.002999999999999892e+00 1.776200000000000045e+01
1.719999999999999973e+00 1.410699999999999932e+01 9.869999999999999885e-01 1.835500000000000043e+01
1.719999999999999973e+00 1.441199999999999903e+01 9.719999999999999751e-01 1.892999999999999972e+01
1.719999999999999973e+00 1.470800000000000018e+01 9.579999999999999627e-01 1.948999999999999844e+01
1.719999999999999973e+00 1.499600000000000044e+01 9.449999999999999512e-01 2.003300000000000125e+01
1.719999999999999973e+00 1.527500000000000036e+01 9.330000000000000515e-01 2.056200000000000117e+01
1.719999999999999973e+00 1.554800000000000004e+01 9.210000000000000409e-01 2.107600000000000051e+01
1.719999999999999973e+00 1.581499999999999950e+01 9.110000000000000320e-01 2.157900000000000063e+01
1.719999999999999973e+00 1.607399999999999807e+01 9.020000000000000240e-01 2.207000000000000028e+01
1.719999999999999973e+00 1.632799999999999940e+01 8.920000000000000151e-01 2.255000000000000071e+01
1.719999999999999973e+00 1.657600000000000051e+01 8.840000000000000080e-01 2.301899999999999835e+01
1.719999999999999973e+00 1.681899999999999906e+01 8.770000000000000018e-01 2.348000000000000043e+01
1.719999999999999973e+00 1.705799999999999983e+01 8.689999999999999947e-01 2.393199999999999861e+01
1.719999999999999973e+00 1.729100000000000037e+01 8.629999999999999893e-01 2.437500000000000000e+01
1.719999999999999973e+00 1.751999999999999957e+01 8.569999999999999840e-01 2.481099999999999994e+01
