1.130000000000000032e-01 1.310000000000000053e-01 6.049999999999999822e-01 2.149999999999999967e-01
1.130000000000000032e-01 2.620000000000000107e-01 5.789999999999999591e-01 3.960000000000000187e-01
1.130000000000000032e-01 3.930000000000000160e-01 5.510000000000000453e-01 5.779999999999999583e-01
1.130000000000000032e-01 5.250000000000000222e-01 5.220000000000000195e-01 7.610000000000000098e-01
1.130000000000000032e-01 6.560000000000000275e-01 4.929999999999999938e-01 9.449999999999999512e-01
1.130000000000000032e-01 7.870000000000000329e-01 4.600000000000000200e-01 1.131000000000000005e+00
1.130000000000000032e-01 1.213999999999999968e+00 7.189999999999999725e-01 1.322000000000000064e+00
1.330000000000000071e-01 2.967999999999999972e+00 2.096000000000000085e+00 1.683000000000000052e+00
8.369999999999999662e-01 6.442999999999999616e+00 4.100999999999999979e+00 2.436999999999999833e+00
3.225000000000000089e+00 1.181499999999999950e+01 5.902999999999999581e+00 3.640000000000000124e+00
8.102999999999999758e+00 1.920000000000000284e+01 7.033000000000000362e+00 5.033999999999999808e+00
1.524900000000000055e+01 2.856300000000000239e+01 7.762999999999999901e+00 6.533000000000000362e+00
2.467099999999999937e+01 3.996099999999999852e+01 8.153999999999999915e+00 8.134999999999999787e+00
3.625000000000000000e+01 5.332399999999999807e+01 8.260999999999999233e+00 9.829000000000000625e+00
4.989500000000000313e+01 6.878000000000000114e+01 8.289999999999999147e+00 1.163299999999999912e+01
6.550700000000000500e+01 8.635999999999999943e+01 8.372999999999999332e+00 1.353599999999999959e+01
8.327500000000000568e+01 1.062319999999999993e+02 8.458999999999999631e+00 1.556600000000000072e+01
1.035529999999999973e+02 1.288059999999999832e+02 8.541999999999999815e+00 1.779200000000000159e+01
1.227849999999999966e+02 1.496899999999999977e+02 8.117000000000000881e+00 1.991700000000000159e+01
1.371690000000000111e+02 1.649729999999999848e+02 7.761000000000000121e+00 2.119999999999999929e+01
1.482470000000000141e+02 1.767439999999999998e+02 7.575000000000000178e+00 2.209799999999999898e+01
1.570920000000000130e+02 1.861839999999999975e+02 7.458000000000000185e+00 2.282900000000000063e+01
1.642529999999999859e+02 1.938849999999999909e+02 7.371999999999999886e+00 2.347500000000000142e+01
1.701860000000000070e+02 2.003290000000000077e+02 7.299999999999999822e+00 2.407799999999999940e+01
1.751659999999999968e+02 2.057740000000000009e+02 7.217999999999999972e+00 2.464600000000000080e+01
1.793830000000000098e+02 2.104350000000000023e+02 7.142000000000000348e+00 2.518799999999999883e+01
1.830140000000000100e+02 2.144809999999999945e+02 7.054000000000000270e+00 2.571300000000000097e+01
1.861570000000000107e+02 2.180270000000000152e+02 6.964000000000000412e+00 2.622700000000000031e+01
1.888580000000000041e+02 2.211479999999999961e+02 6.902000000000000135e+00 2.673199999999999932e+01
1.912139999999999986e+02 2.239209999999999923e+02 6.842999999999999972e+00 2.723199999999999932e+01
1.932789999999999964e+02 2.263960000000000150e+02 6.785999999999999588e+00 2.772599999999999909e+01
1.951069999999999993e+02 2.286280000000000143e+02 6.722000000000000419e+00 2.821900000000000119e+01
1.967259999999999991e+02 2.306440000000000055e+02 6.653999999999999915e+00 2.871000000000000085e+01
1.981879999999999882e+02 2.324759999999999991e+02 6.562000000000000277e+00 2.919900000000000162e+01
1.995200000000000102e+02 2.341450000000000102e+02 6.450000000000000178e+00 2.968599999999999994e+01
2.007439999999999998e+02 2.356779999999999973e+02 6.315000000000000391e+00 3.017399999999999949e+01
2.017940000000000111e+02 2.370900000000000034e+02 6.219000000000000306e+00 3.066100000000000136e+01
2.026539999999999964e+02 2.383940000000000055e+02 6.200000000000000178e+00 3.114699999999999847e+01
2.034159999999999968e+02 2.396020000000000039e+02 6.184999999999999609e+00 3.163299999999999912e+01
2.040920000000000130e+02 2.407259999999999991e+02 6.171000000000000263e+00 3.211800000000000210e+01
2.046930000000000121e+02 2.417799999999999727e+02 6.158999999999999808e+00 3.260399999999999920e+01
2.052259999999999991e+02 2.427640000000000100e+02 6.149000000000000021e+00 3.308800000000000097e+01
2.057079999999999984e+02 2.436889999999999930e+02 6.137999999999999901e+00 3.356499999999999773e+01
2.061440000000000055e+02 2.445589999999999975e+02 6.126000000000000334e+00 3.403099999999999881e+01
2.065420000000000016e+02 2.453810000000000002e+02 6.115000000000000213e+00 3.448899999999999721e+01
2.069050000000000011e+02 2.461619999999999777e+02 6.104000000000000092e+00 3.493900000000000006e+01
2.072350000000000136e+02 2.469000000000000057e+02 6.092999999999999972e+00 3.538000000000000256e+01
2.075349999999999966e+02 2.476009999999999991e+02 6.083000000000000185e+00 3.581300000000000239e+01
