1.340000000000000080e-01 1.310000000000000053e-01 5.540000000000000480e-01 2.449999999999999956e-01
1.340000000000000080e-01 2.620000000000000107e-01 4.729999999999999760e-01 4.819999999999999840e-01
1.340000000000000080e-01 3.930000000000000160e-01 3.900000000000000133e-01 7.189999999999999725e-01
1.340000000000000080e-01 5.250000000000000222e-01 3.059999999999999942e-01 9.599999999999999645e-01
1.340000000000000080e-01 6.560000000000000275e-01 2.159999999999999976e-01 1.203999999999999959e+00
1.340000000000000080e-01 7.870000000000000329e-01 1.729999999999999871e-01 1.449000000000000066e+00
1.340000000000000080e-01 1.213999999999999968e+00 4.600000000000000200e-01 1.697999999999999954e+00
2.200000000000000011e-01 2.967999999999999972e+00 1.784999999999999920e+00 2.124000000000000110e+00
1.102999999999999980e+00 6.442999999999999616e+00 3.626999999999999780e+00 2.935000000000000053e+00
3.343999999999999861e+00 1.181499999999999950e+01 5.525000000000000355e+00 4.198000000000000398e+00
7.871000000000000441e+00 1.920000000000000284e+01 6.934000000000000163e+00 5.650000000000000355e+00
1.485999999999999943e+01 2.856300000000000239e+01 7.754999999999999893e+00 7.206000000000000405e+00
2.421099999999999852e+01 3.996099999999999852e+01 8.157000000000000028e+00 8.865000000000000213e+00
3.573299999999999699e+01 5.332399999999999807e+01 8.263999999999999346e+00 1.061599999999999966e+01
4.932200000000000273e+01 6.878000000000000114e+01 8.292999999999999261e+00 1.247700000000000031e+01
6.487600000000000477e+01 8.635999999999999943e+01 8.377000000000000668e+00 1.443699999999999939e+01
8.258799999999999386e+01 1.062319999999999993e+02 8.461999999999999744e+00 1.652400000000000091e+01
1.028089999999999975e+02 1.288059999999999832e+02 8.544999999999999929e+00 1.880600000000000094e+01
1.219839999999999947e+02 1.496899999999999977e+02 8.119999999999999218e+00 2.098699999999999832e+01
1.363100000000000023e+02 1.649729999999999848e+02 7.764999999999999680e+00 2.232700000000000173e+01
1.473329999999999984e+02 1.767439999999999998e+02 7.578000000000000291e+00 2.328099999999999881e+01
1.561210000000000093e+02 1.861839999999999975e+02 7.461000000000000298e+00 2.406800000000000139e+01
1.632259999999999991e+02 1.938849999999999909e+02 7.375000000000000000e+00 2.477100000000000080e+01
1.691030000000000086e+02 2.003280000000000030e+02 7.302999999999999936e+00 2.543100000000000094e+01
1.740260000000000105e+02 2.057740000000000009e+02 7.222999999999999865e+00 2.605399999999999849e+01
1.781870000000000118e+02 2.104350000000000023e+02 7.147000000000000242e+00 2.665200000000000102e+01
1.817609999999999957e+02 2.144809999999999945e+02 7.057999999999999829e+00 2.723499999999999943e+01
1.848470000000000084e+02 2.180270000000000152e+02 6.967999999999999972e+00 2.780699999999999861e+01
1.874970000000000141e+02 2.211479999999999961e+02 6.900000000000000355e+00 2.836899999999999977e+01
1.898420000000000130e+02 2.239200000000000159e+02 6.801000000000000156e+00 2.892500000000000071e+01
1.919439999999999884e+02 2.263950000000000102e+02 6.655999999999999694e+00 2.947599999999999909e+01
1.938520000000000039e+02 2.286280000000000143e+02 6.472999999999999865e+00 3.002599999999999980e+01
1.955689999999999884e+02 2.306440000000000055e+02 6.314000000000000057e+00 3.057400000000000162e+01
1.970800000000000125e+02 2.324759999999999991e+02 6.291000000000000369e+00 3.112000000000000099e+01
1.984290000000000020e+02 2.341450000000000102e+02 6.270999999999999908e+00 3.166400000000000148e+01
1.996419999999999959e+02 2.356779999999999973e+02 6.250000000000000000e+00 3.220799999999999841e+01
2.007390000000000043e+02 2.370900000000000034e+02 6.227000000000000313e+00 3.275300000000000011e+01
2.017230000000000132e+02 2.383930000000000007e+02 6.208000000000000185e+00 3.329599999999999937e+01
2.026080000000000041e+02 2.396020000000000039e+02 6.192000000000000171e+00 3.383899999999999864e+01
2.034060000000000059e+02 2.407259999999999991e+02 6.179000000000000270e+00 3.438000000000000256e+01
2.041289999999999907e+02 2.417799999999999727e+02 6.166999999999999815e+00 3.492399999999999949e+01
2.047700000000000102e+02 2.427640000000000100e+02 6.157000000000000028e+00 3.546500000000000341e+01
2.053379999999999939e+02 2.436889999999999930e+02 6.147000000000000242e+00 3.600699999999999790e+01
2.058400000000000034e+02 2.445589999999999975e+02 6.139000000000000234e+00 3.654800000000000182e+01
2.062839999999999918e+02 2.453810000000000002e+02 6.131999999999999673e+00 3.708899999999999864e+01
2.066750000000000114e+02 2.461619999999999777e+02 6.125000000000000000e+00 3.763100000000000023e+01
2.070169999999999959e+02 2.469000000000000057e+02 6.118000000000000327e+00 3.817300000000000182e+01
2.073139999999999930e+02 2.476009999999999991e+02 6.112000000000000099e+00 3.871399999999999864e+01
