1.130000000000000032e-01 1.310000000000000053e-01 5.560000000000000497e-01 2.640000000000000124e-01
1.130000000000000032e-01 2.620000000000000107e-01 4.749999999999999778e-01 5.000000000000000000e-01
1.130000000000000032e-01 3.930000000000000160e-01 3.920000000000000151e-01 7.369999999999999885e-01
1.130000000000000032e-01 5.250000000000000222e-01 3.079999999999999960e-01 9.759999999999999787e-01
1.130000000000000032e-01 6.560000000000000275e-01 2.179999999999999993e-01 1.219000000000000083e+00
1.130000000000000032e-01 7.870000000000000329e-01 1.749999999999999889e-01 1.463999999999999968e+00
1.130000000000000032e-01 1.213999999999999968e+00 4.620000000000000218e-01 1.711999999999999966e+00
1.330000000000000071e-01 2.966999999999999638e+00 1.776000000000000023e+00 2.158999999999999808e+00
8.599999999999999867e-01 6.440999999999999837e+00 3.581999999999999851e+00 3.085999999999999854e+00
3.025999999999999801e+00 1.181099999999999994e+01 5.421999999999999709e+00 4.469999999999999751e+00
7.554999999999999716e+00 1.919500000000000028e+01 6.724999999999999645e+00 6.041000000000000369e+00
1.448900000000000077e+01 2.855600000000000094e+01 7.487000000000000099e+00 7.716999999999999638e+00
2.364999999999999858e+01 3.995199999999999818e+01 7.956000000000000405e+00 9.494999999999999218e+00
3.493399999999999750e+01 5.331199999999999761e+01 8.176000000000000156e+00 1.136500000000000021e+01
4.833899999999999864e+01 6.876600000000000534e+01 8.263999999999999346e+00 1.334500000000000064e+01
6.377900000000000347e+01 8.634300000000000352e+01 8.336999999999999744e+00 1.542399999999999949e+01
8.135999999999999943e+01 1.062100000000000080e+02 8.423000000000000043e+00 1.762900000000000134e+01
1.014519999999999982e+02 1.287769999999999868e+02 8.506999999999999673e+00 2.003099999999999881e+01
1.205199999999999960e+02 1.496699999999999875e+02 8.082000000000000739e+00 2.233099999999999952e+01
1.347340000000000089e+02 1.649579999999999984e+02 7.730999999999999872e+00 2.378200000000000003e+01
1.456430000000000007e+02 1.767330000000000041e+02 7.549000000000000377e+00 2.485200000000000031e+01
1.543149999999999977e+02 1.861769999999999925e+02 7.437000000000000277e+00 2.575799999999999912e+01
1.613019999999999925e+02 1.938810000000000002e+02 7.352000000000000313e+00 2.658299999999999841e+01
1.670749999999999886e+02 2.003280000000000030e+02 7.266000000000000014e+00 2.736599999999999966e+01
1.718839999999999861e+02 2.057760000000000105e+02 7.181000000000000050e+00 2.811299999999999955e+01
1.759360000000000070e+02 2.104379999999999882e+02 7.094000000000000306e+00 2.883399999999999963e+01
1.794050000000000011e+02 2.144869999999999948e+02 6.990999999999999659e+00 2.954100000000000037e+01
1.823609999999999900e+02 2.180339999999999918e+02 6.910000000000000142e+00 3.023600000000000065e+01
1.848750000000000000e+02 2.211570000000000107e+02 6.857000000000000206e+00 3.092200000000000060e+01
1.870509999999999877e+02 2.239300000000000068e+02 6.806000000000000050e+00 3.160200000000000031e+01
1.889360000000000070e+02 2.264060000000000059e+02 6.756000000000000227e+00 3.227700000000000102e+01
1.905840000000000032e+02 2.286390000000000100e+02 6.695000000000000284e+00 3.295199999999999818e+01
1.920229999999999961e+02 2.306550000000000011e+02 6.626999999999999780e+00 3.362400000000000233e+01
1.933050000000000068e+02 2.324879999999999995e+02 6.533999999999999808e+00 3.429399999999999693e+01
1.944579999999999984e+02 2.341570000000000107e+02 6.418000000000000149e+00 3.496200000000000330e+01
1.954970000000000141e+02 2.356899999999999977e+02 6.285999999999999588e+00 3.563100000000000023e+01
1.963600000000000136e+02 2.371030000000000086e+02 6.193999999999999950e+00 3.629999999999999716e+01
1.970339999999999918e+02 2.384070000000000107e+02 6.177999999999999936e+00 3.696699999999999875e+01
1.976119999999999948e+02 2.396160000000000139e+02 6.163999999999999702e+00 3.763400000000000034e+01
1.981069999999999993e+02 2.407400000000000091e+02 6.150000000000000355e+00 3.829899999999999949e+01
1.985289999999999964e+02 2.417930000000000064e+02 6.136000000000000121e+00 3.896699999999999875e+01
1.988849999999999909e+02 2.427780000000000200e+02 6.121999999999999886e+00 3.963100000000000023e+01
1.991920000000000073e+02 2.437029999999999745e+02 6.107999999999999652e+00 4.028499999999999659e+01
1.994550000000000125e+02 2.445729999999999791e+02 6.092999999999999972e+00 4.092900000000000205e+01
1.996910000000000025e+02 2.453949999999999818e+02 6.065999999999999837e+00 4.156400000000000006e+01
1.999079999999999870e+02 2.461759999999999877e+02 6.024000000000000021e+00 4.219200000000000017e+01
2.001080000000000041e+02 2.469139999999999873e+02 5.967999999999999972e+00 4.280899999999999750e+01
2.002909999999999968e+02 2.476149999999999807e+02 5.899000000000000021e+00 4.341899999999999693e+01
