1.130000000000000032e-01 1.310000000000000053e-01 6.049999999999999822e-01 2.149999999999999967e-01
1.130000000000000032e-01 2.620000000000000107e-01 5.789999999999999591e-01 3.960000000000000187e-01
1.130000000000000032e-01 3.930000000000000160e-01 5.510000000000000453e-01 5.779999999999999583e-01
1.130000000000000032e-01 5.250000000000000222e-01 5.220000000000000195e-01 7.610000000000000098e-01
1.130000000000000032e-01 6.560000000000000275e-01 4.929999999999999938e-01 9.449999999999999512e-01
1.130000000000000032e-01 7.870000000000000329e-01 4.600000000000000200e-01 1.131000000000000005e+00
1.130000000000000032e-01 1.213999999999999968e+00 7.189999999999999725e-01 1.322000000000000064e+00
1.330000000000000071e-01 2.966999999999999638e+00 2.084999999999999964e+00 1.711999999999999966e+00
8.599999999999999867e-01 6.440999999999999837e+00 3.948999999999999844e+00 2.581999999999999851e+00
3.270999999999999908e+00 1.181099999999999994e+01 5.605000000000000426e+00 3.903999999999999915e+00
8.044000000000000483e+00 1.919500000000000028e+01 6.721000000000000085e+00 5.418000000000000149e+00
1.503500000000000014e+01 2.855600000000000094e+01 7.482999999999999652e+00 7.036999999999999922e+00
2.425199999999999889e+01 3.995199999999999818e+01 7.953000000000000291e+00 8.757999999999999119e+00
3.559300000000000352e+01 5.331199999999999761e+01 8.173000000000000043e+00 1.057099999999999973e+01
4.905599999999999739e+01 6.876600000000000534e+01 8.259999999999999787e+00 1.249399999999999977e+01
6.455200000000000671e+01 8.634300000000000352e+01 8.333999999999999631e+00 1.451600000000000001e+01
8.219100000000000250e+01 1.062100000000000080e+02 8.419000000000000483e+00 1.666400000000000148e+01
1.023389999999999986e+02 1.287769999999999868e+02 8.500999999999999446e+00 1.900700000000000145e+01
1.214639999999999986e+02 1.496699999999999875e+02 8.077999999999999403e+00 2.124800000000000111e+01
1.357350000000000136e+02 1.649579999999999984e+02 7.727000000000000313e+00 2.264199999999999946e+01
1.467009999999999934e+02 1.767330000000000041e+02 7.544999999999999929e+00 2.365500000000000114e+01
1.554290000000000020e+02 1.861769999999999925e+02 7.432000000000000384e+00 2.450499999999999901e+01
1.624730000000000132e+02 1.938810000000000002e+02 7.347000000000000419e+00 2.527400000000000091e+01
1.683040000000000020e+02 2.003280000000000030e+02 7.259999999999999787e+00 2.600000000000000000e+01
1.731690000000000111e+02 2.057750000000000057e+02 7.174000000000000377e+00 2.669200000000000017e+01
1.772779999999999916e+02 2.104379999999999882e+02 7.086000000000000298e+00 2.735699999999999932e+01
1.808050000000000068e+02 2.144869999999999948e+02 6.982999999999999652e+00 2.800600000000000023e+01
1.838180000000000121e+02 2.180339999999999918e+02 6.902000000000000135e+00 2.864399999999999835e+01
1.863890000000000100e+02 2.211570000000000107e+02 6.849000000000000199e+00 2.927299999999999969e+01
1.886210000000000093e+02 2.239300000000000068e+02 6.798000000000000043e+00 2.989600000000000080e+01
1.905620000000000118e+02 2.264060000000000059e+02 6.748000000000000220e+00 3.051399999999999935e+01
1.922680000000000007e+02 2.286390000000000100e+02 6.687000000000000277e+00 3.113200000000000145e+01
1.937630000000000052e+02 2.306550000000000011e+02 6.618999999999999773e+00 3.174699999999999989e+01
1.951020000000000039e+02 2.324879999999999995e+02 6.525999999999999801e+00 3.235999999999999943e+01
1.963120000000000118e+02 2.341570000000000107e+02 6.410999999999999588e+00 3.297099999999999653e+01
1.974079999999999870e+02 2.356899999999999977e+02 6.278999999999999915e+00 3.358200000000000074e+01
1.983290000000000077e+02 2.371030000000000086e+02 6.185999999999999943e+00 3.419400000000000261e+01
1.990600000000000023e+02 2.384070000000000107e+02 6.169999999999999929e+00 3.480499999999999972e+01
1.996949999999999932e+02 2.396160000000000139e+02 6.157000000000000028e+00 3.541499999999999915e+01
2.002470000000000141e+02 2.407400000000000091e+02 6.142000000000000348e+00 3.602300000000000324e+01
2.007259999999999991e+02 2.417930000000000064e+02 6.128000000000000114e+00 3.663400000000000034e+01
2.011399999999999864e+02 2.427780000000000200e+02 6.113999999999999879e+00 3.724099999999999966e+01
2.015039999999999907e+02 2.437029999999999745e+02 6.099999999999999645e+00 3.783800000000000097e+01
2.018240000000000123e+02 2.445729999999999791e+02 6.084999999999999964e+00 3.842499999999999716e+01
2.021169999999999902e+02 2.453949999999999818e+02 6.057999999999999829e+00 3.900300000000000011e+01
2.023919999999999959e+02 2.461759999999999877e+02 6.016000000000000014e+00 3.957300000000000040e+01
2.026479999999999961e+02 2.469139999999999873e+02 5.959999999999999964e+00 4.013400000000000034e+01
2.028880000000000052e+02 2.476149999999999807e+02 5.891000000000000014e+00 4.068699999999999761e+01
