1.340000000000000080e-01 1.310000000000000053e-01 7.059999999999999609e-01 9.400000000000000022e-02
1.340000000000000080e-01 2.620000000000000107e-01 7.940000000000000391e-01 1.630000000000000060e-01
1.340000000000000080e-01 3.930000000000000160e-01 8.790000000000000036e-01 2.320000000000000118e-01
1.340000000000000080e-01 5.250000000000000222e-01 9.639999999999999680e-01 3.019999999999999907e-01
1.340000000000000080e-01 6.560000000000000275e-01 1.048000000000000043e+00 3.719999999999999973e-01
1.859999999999999987e-01 7.870000000000000329e-01 1.078000000000000069e+00 4.450000000000000067e-01
2.720000000000000195e-01 1.213999999999999968e+00 1.366000000000000103e+00 5.220000000000000195e-01
5.689999999999999503e-01 2.967999999999999972e+00 2.645000000000000018e+00 7.770000000000000240e-01
1.856999999999999984e+00 6.442999999999999616e+00 4.254999999999999893e+00 1.417000000000000037e+00
4.730000000000000426e+00 1.181499999999999950e+01 5.700000000000000178e+00 2.500999999999999890e+00
9.615000000000000213e+00 1.920000000000000284e+01 6.923000000000000043e+00 3.781000000000000139e+00
1.677400000000000091e+01 2.856300000000000239e+01 7.743000000000000327e+00 5.166999999999999815e+00
2.629700000000000060e+01 3.996099999999999852e+01 8.146000000000000796e+00 6.655000000000000249e+00
3.799000000000000199e+01 5.332399999999999807e+01 8.253000000000000114e+00 8.234999999999999432e+00
5.174900000000000233e+01 6.878000000000000114e+01 8.282000000000000028e+00 9.925000000000000711e+00
6.747499999999999432e+01 8.635999999999999943e+01 8.365000000000000213e+00 1.171400000000000041e+01
8.535699999999999932e+01 1.062319999999999993e+02 8.449999999999999289e+00 1.363100000000000023e+01
1.057489999999999952e+02 1.288059999999999832e+02 8.532999999999999474e+00 1.574200000000000088e+01
1.250960000000000036e+02 1.496899999999999977e+02 8.108999999999999986e+00 1.775499999999999901e+01
1.395929999999999893e+02 1.649729999999999848e+02 7.753999999999999559e+00 1.892200000000000060e+01
1.507870000000000061e+02 1.767439999999999998e+02 7.567000000000000171e+00 1.970599999999999952e+01
1.597460000000000093e+02 1.861839999999999975e+02 7.450000000000000178e+00 2.032300000000000040e+01
1.670219999999999914e+02 1.938849999999999909e+02 7.362000000000000099e+00 2.085600000000000165e+01
1.730699999999999932e+02 2.003280000000000030e+02 7.288999999999999702e+00 2.134600000000000009e+01
1.781639999999999873e+02 2.057740000000000009e+02 7.206000000000000405e+00 2.180000000000000071e+01
1.824960000000000093e+02 2.104350000000000023e+02 7.128999999999999559e+00 2.222899999999999920e+01
1.862410000000000139e+02 2.144809999999999945e+02 7.038999999999999702e+00 2.264099999999999824e+01
1.894989999999999952e+02 2.180270000000000152e+02 6.948999999999999844e+00 2.304100000000000037e+01
1.923189999999999884e+02 2.211479999999999961e+02 6.881999999999999673e+00 2.343299999999999983e+01
1.948350000000000080e+02 2.239209999999999923e+02 6.783000000000000362e+00 2.381800000000000139e+01
1.971080000000000041e+02 2.263950000000000102e+02 6.636999999999999567e+00 2.419800000000000040e+01
1.991870000000000118e+02 2.286280000000000143e+02 6.455000000000000071e+00 2.457799999999999940e+01
2.010759999999999934e+02 2.306440000000000055e+02 6.293000000000000149e+00 2.495400000000000063e+01
2.027570000000000050e+02 2.324759999999999991e+02 6.272000000000000242e+00 2.532900000000000063e+01
2.042779999999999916e+02 2.341450000000000102e+02 6.253000000000000114e+00 2.570299999999999940e+01
2.056620000000000061e+02 2.356779999999999973e+02 6.230999999999999872e+00 2.607600000000000051e+01
2.069300000000000068e+02 2.370900000000000034e+02 6.208999999999999631e+00 2.644900000000000162e+01
2.080840000000000032e+02 2.383930000000000007e+02 6.189000000000000057e+00 2.682199999999999918e+01
2.091409999999999911e+02 2.396020000000000039e+02 6.173000000000000043e+00 2.719300000000000139e+01
2.101090000000000089e+02 2.407259999999999991e+02 6.160000000000000142e+00 2.756400000000000006e+01
2.110029999999999859e+02 2.417799999999999727e+02 6.147999999999999687e+00 2.793599999999999994e+01
2.118160000000000025e+02 2.427640000000000100e+02 6.137999999999999901e+00 2.830699999999999861e+01
2.125550000000000068e+02 2.436889999999999930e+02 6.128999999999999559e+00 2.867800000000000082e+01
2.132280000000000086e+02 2.445589999999999975e+02 6.121000000000000441e+00 2.904700000000000060e+01
2.138420000000000130e+02 2.453810000000000002e+02 6.113000000000000433e+00 2.941799999999999926e+01
2.144050000000000011e+02 2.461619999999999777e+02 6.105999999999999872e+00 2.978900000000000148e+01
2.149180000000000064e+02 2.469000000000000057e+02 6.099999999999999645e+00 3.015899999999999892e+01
2.153859999999999957e+02 2.476009999999999991e+02 6.092999999999999972e+00 3.052899999999999991e+01
