1.130000000000000032e-01 1.310000000000000053e-01 7.079999999999999627e-01 1.130000000000000032e-01
1.130000000000000032e-01 2.620000000000000107e-01 7.960000000000000409e-01 1.809999999999999942e-01
1.130000000000000032e-01 3.930000000000000160e-01 8.810000000000000053e-01 2.489999999999999991e-01
1.130000000000000032e-01 5.250000000000000222e-01 9.659999999999999698e-01 3.190000000000000058e-01
1.130000000000000032e-01 6.560000000000000275e-01 1.050000000000000044e+00 3.880000000000000115e-01
1.650000000000000078e-01 7.870000000000000329e-01 1.080000000000000071e+00 4.600000000000000200e-01
2.510000000000000009e-01 1.213999999999999968e+00 1.368000000000000105e+00 5.360000000000000320e-01
4.829999999999999849e-01 2.966999999999999638e+00 2.636000000000000121e+00 8.120000000000000551e-01
1.612999999999999989e+00 6.440999999999999837e+00 4.209999999999999964e+00 1.568000000000000060e+00
4.410999999999999588e+00 1.181099999999999994e+01 5.597000000000000419e+00 2.773000000000000131e+00
9.297000000000000597e+00 1.919400000000000261e+01 6.714000000000000412e+00 4.173000000000000043e+00
1.640200000000000102e+01 2.855600000000000094e+01 7.475999999999999979e+00 5.677999999999999936e+00
2.573400000000000176e+01 3.995199999999999818e+01 7.945000000000000284e+00 7.285000000000000142e+00
3.718900000000000006e+01 5.331199999999999761e+01 8.164999999999999147e+00 8.983999999999999986e+00
5.076500000000000057e+01 6.876600000000000534e+01 8.252000000000000668e+00 1.079299999999999926e+01
6.637600000000000477e+01 8.634300000000000352e+01 8.324999999999999289e+00 1.270199999999999996e+01
8.412800000000000011e+01 1.062100000000000080e+02 8.410999999999999588e+00 1.473600000000000065e+01
1.043900000000000006e+02 1.287769999999999868e+02 8.492000000000000881e+00 1.696399999999999864e+01
1.236290000000000049e+02 1.496699999999999875e+02 8.070000000000000284e+00 1.909100000000000108e+01
1.380140000000000100e+02 1.649579999999999984e+02 7.719999999999999751e+00 2.036899999999999977e+01
1.490939999999999941e+02 1.767330000000000041e+02 7.538000000000000256e+00 2.126800000000000068e+01
1.579370000000000118e+02 1.861759999999999877e+02 7.424999999999999822e+00 2.200300000000000011e+01
1.650949999999999989e+02 1.938810000000000002e+02 7.339000000000000412e+00 2.265899999999999892e+01
1.710389999999999873e+02 2.003280000000000030e+02 7.251000000000000334e+00 2.327299999999999969e+01
1.760190000000000055e+02 2.057750000000000057e+02 7.165000000000000036e+00 2.385099999999999909e+01
1.802410000000000139e+02 2.104379999999999882e+02 7.075999999999999623e+00 2.440299999999999869e+01
1.838820000000000050e+02 2.144859999999999900e+02 6.972999999999999865e+00 2.493799999999999883e+01
1.870089999999999861e+02 2.180339999999999918e+02 6.892000000000000348e+00 2.546300000000000097e+01
1.896939999999999884e+02 2.211560000000000059e+02 6.838000000000000078e+00 2.597800000000000153e+01
1.920399999999999920e+02 2.239300000000000068e+02 6.788000000000000256e+00 2.648699999999999832e+01
1.940960000000000036e+02 2.264060000000000059e+02 6.737000000000000099e+00 2.699099999999999966e+01
1.959159999999999968e+02 2.286390000000000100e+02 6.676000000000000156e+00 2.749500000000000099e+01
1.975260000000000105e+02 2.306550000000000011e+02 6.607999999999999652e+00 2.799599999999999866e+01
1.989790000000000134e+02 2.324869999999999948e+02 6.514999999999999680e+00 2.849500000000000099e+01
2.003019999999999925e+02 2.341570000000000107e+02 6.399000000000000021e+00 2.899200000000000088e+01
2.015130000000000052e+02 2.356899999999999977e+02 6.267000000000000348e+00 2.948999999999999844e+01
2.025469999999999970e+02 2.371030000000000086e+02 6.174999999999999822e+00 2.998799999999999955e+01
2.033919999999999959e+02 2.384060000000000059e+02 6.158999999999999808e+00 3.048400000000000176e+01
2.041409999999999911e+02 2.396150000000000091e+02 6.145999999999999908e+00 3.098000000000000043e+01
2.048060000000000116e+02 2.407390000000000043e+02 6.131000000000000227e+00 3.147500000000000142e+01
2.053990000000000009e+02 2.417930000000000064e+02 6.116999999999999993e+00 3.197100000000000009e+01
2.059259999999999877e+02 2.427780000000000200e+02 6.102999999999999758e+00 3.246399999999999864e+01
2.064039999999999964e+02 2.437029999999999745e+02 6.089000000000000412e+00 3.294700000000000273e+01
2.068379999999999939e+02 2.445719999999999743e+02 6.073999999999999844e+00 3.342000000000000171e+01
2.072450000000000045e+02 2.453949999999999818e+02 6.046999999999999709e+00 3.388400000000000034e+01
2.076330000000000098e+02 2.461749999999999829e+02 6.004999999999999893e+00 3.434000000000000341e+01
2.080039999999999907e+02 2.469139999999999873e+02 5.948999999999999844e+00 3.478699999999999903e+01
2.083580000000000041e+02 2.476149999999999807e+02 5.879999999999999893e+00 3.522599999999999909e+01
