0.000000000000000000e+00 1.310000000000000053e-01 8.100000000000000533e-01 1.049999999999999961e-01
0.000000000000000000e+00 2.620000000000000107e-01 8.409999999999999698e-01 2.280000000000000082e-01
0.000000000000000000e+00 3.930000000000000160e-01 8.699999999999999956e-01 3.529999999999999805e-01
0.000000000000000000e+00 5.250000000000000222e-01 8.980000000000000204e-01 4.789999999999999813e-01
0.000000000000000000e+00 6.560000000000000275e-01 9.270000000000000462e-01 6.039999999999999813e-01
0.000000000000000000e+00 7.870000000000000329e-01 9.519999999999999574e-01 7.319999999999999840e-01
0.000000000000000000e+00 1.213999999999999968e+00 1.268999999999999906e+00 8.649999999999999911e-01
0.000000000000000000e+00 2.966999999999999638e+00 2.806000000000000050e+00 1.072999999999999954e+00
1.143000000000000016e+00 6.439999999999999503e+00 4.713000000000000078e+00 1.491000000000000103e+00
4.224000000000000199e+00 1.181099999999999994e+01 6.185999999999999943e+00 2.353000000000000203e+00
9.433999999999999275e+00 1.919400000000000261e+01 7.310999999999999943e+00 3.414000000000000146e+00
1.695200000000000173e+01 2.855600000000000094e+01 7.996999999999999886e+00 4.581999999999999851e+00
2.683699999999999974e+01 3.995100000000000051e+01 8.252000000000000668e+00 5.852000000000000313e+00
3.889900000000000091e+01 5.331199999999999761e+01 8.202999999999999403e+00 7.216000000000000192e+00
5.279699999999999704e+01 6.876600000000000534e+01 8.304000000000000270e+00 8.689000000000000057e+00
6.875499999999999545e+01 8.634300000000000352e+01 8.364000000000000767e+00 1.026399999999999935e+01
8.684499999999999886e+01 1.062090000000000032e+02 8.444000000000000838e+00 1.196499999999999986e+01
1.074150000000000063e+02 1.287750000000000057e+02 8.548000000000000043e+00 1.385599999999999987e+01
1.270139999999999958e+02 1.496699999999999875e+02 8.096000000000000085e+00 1.565399999999999991e+01
1.417150000000000034e+02 1.649569999999999936e+02 7.764999999999999680e+00 1.659799999999999898e+01
1.531709999999999923e+02 1.767319999999999993e+02 7.551999999999999602e+00 1.715399999999999991e+01
1.623559999999999945e+02 1.861759999999999877e+02 7.431000000000000050e+00 1.755600000000000094e+01
1.698669999999999902e+02 1.938810000000000002e+02 7.331000000000000405e+00 1.787300000000000111e+01
1.761529999999999916e+02 2.003269999999999982e+02 7.248000000000000220e+00 1.814099999999999824e+01
1.814410000000000025e+02 2.057750000000000057e+02 7.197000000000000064e+00 1.837399999999999878e+01
1.860099999999999909e+02 2.104379999999999882e+02 7.105999999999999872e+00 1.858099999999999952e+01
1.899579999999999984e+02 2.144849999999999852e+02 7.040000000000000036e+00 1.876999999999999957e+01
1.934329999999999927e+02 2.180330000000000155e+02 6.959999999999999964e+00 1.894600000000000151e+01
1.964900000000000091e+02 2.211560000000000059e+02 6.884999999999999787e+00 1.911299999999999955e+01
1.992069999999999936e+02 2.239300000000000068e+02 6.815000000000000391e+00 1.927400000000000091e+01
2.016289999999999907e+02 2.264060000000000059e+02 6.751000000000000334e+00 1.942999999999999972e+01
2.038100000000000023e+02 2.286400000000000148e+02 6.681000000000000050e+00 1.958399999999999963e+01
2.057750000000000057e+02 2.306550000000000011e+02 6.607000000000000206e+00 1.973499999999999943e+01
2.075029999999999859e+02 2.324879999999999995e+02 6.583999999999999631e+00 1.988500000000000156e+01
2.090699999999999932e+02 2.341570000000000107e+02 6.562000000000000277e+00 2.003300000000000125e+01
2.104970000000000141e+02 2.356910000000000025e+02 6.543000000000000149e+00 2.017999999999999972e+01
2.118040000000000020e+02 2.371040000000000134e+02 6.525999999999999801e+00 2.032700000000000173e+01
2.129970000000000141e+02 2.384070000000000107e+02 6.512999999999999901e+00 2.047299999999999898e+01
2.140970000000000084e+02 2.396170000000000186e+02 6.498999999999999666e+00 2.061899999999999977e+01
2.151119999999999948e+02 2.407410000000000139e+02 6.485999999999999766e+00 2.076399999999999935e+01
2.160550000000000068e+02 2.417950000000000159e+02 6.472000000000000419e+00 2.090899999999999892e+01
2.169329999999999927e+02 2.427789999999999964e+02 6.458000000000000185e+00 2.105300000000000082e+01
2.177479999999999905e+02 2.437039999999999793e+02 6.445999999999999730e+00 2.119800000000000040e+01
2.185049999999999955e+02 2.445739999999999839e+02 6.435999999999999943e+00 2.134199999999999875e+01
2.192150000000000034e+02 2.453969999999999914e+02 6.426999999999999602e+00 2.148600000000000065e+01
2.198810000000000002e+02 2.461779999999999973e+02 6.418999999999999595e+00 2.162999999999999901e+01
2.205039999999999907e+02 2.469159999999999968e+02 6.411999999999999922e+00 2.177400000000000091e+01
2.210900000000000034e+02 2.476169999999999902e+02 6.405999999999999694e+00 2.191799999999999926e+01
