1.340000000000000080e-01 1.310000000000000053e-01 6.039999999999999813e-01 1.960000000000000075e-01
1.340000000000000080e-01 2.620000000000000107e-01 5.769999999999999574e-01 3.780000000000000027e-01
1.340000000000000080e-01 3.930000000000000160e-01 5.490000000000000435e-01 5.610000000000000542e-01
1.340000000000000080e-01 5.250000000000000222e-01 5.200000000000000178e-01 7.449999999999999956e-01
1.340000000000000080e-01 6.560000000000000275e-01 4.909999999999999920e-01 9.290000000000000480e-01
1.340000000000000080e-01 7.870000000000000329e-01 4.580000000000000182e-01 1.116999999999999993e+00
1.340000000000000080e-01 1.213999999999999968e+00 7.169999999999999707e-01 1.308000000000000052e+00
2.200000000000000011e-01 2.967999999999999972e+00 2.095000000000000195e+00 1.677000000000000046e+00
1.102999999999999980e+00 6.442999999999999616e+00 3.994000000000000217e+00 2.431000000000000050e+00
3.591000000000000192e+00 1.181499999999999950e+01 5.708000000000000185e+00 3.632000000000000117e+00
8.361000000000000654e+00 1.920000000000000284e+01 6.931000000000000050e+00 5.025999999999999801e+00
1.540700000000000003e+01 2.856300000000000239e+01 7.751000000000000334e+00 6.525999999999999801e+00
2.481500000000000128e+01 3.996099999999999852e+01 8.153999999999999915e+00 8.128000000000000114e+00
3.639399999999999835e+01 5.332399999999999807e+01 8.260999999999999233e+00 9.821999999999999176e+00
5.003999999999999915e+01 6.878000000000000114e+01 8.289999999999999147e+00 1.162599999999999945e+01
6.565099999999999625e+01 8.635999999999999943e+01 8.372999999999999332e+00 1.352899999999999991e+01
8.342000000000000171e+01 1.062319999999999993e+02 8.458999999999999631e+00 1.555899999999999928e+01
1.036979999999999933e+02 1.288059999999999832e+02 8.541999999999999815e+00 1.778399999999999892e+01
1.229300000000000068e+02 1.496899999999999977e+02 8.117000000000000881e+00 1.990899999999999892e+01
1.373129999999999882e+02 1.649729999999999848e+02 7.761000000000000121e+00 2.119099999999999895e+01
1.483930000000000007e+02 1.767439999999999998e+02 7.573999999999999844e+00 2.208899999999999864e+01
1.572379999999999995e+02 1.861839999999999975e+02 7.456999999999999851e+00 2.282000000000000028e+01
1.644000000000000057e+02 1.938849999999999909e+02 7.370000000000000107e+00 2.346600000000000108e+01
1.703329999999999984e+02 2.003280000000000030e+02 7.296999999999999709e+00 2.406899999999999906e+01
1.753139999999999930e+02 2.057740000000000009e+02 7.214999999999999858e+00 2.463700000000000045e+01
1.795310000000000059e+02 2.104350000000000023e+02 7.139000000000000234e+00 2.517899999999999849e+01
1.831630000000000109e+02 2.144809999999999945e+02 7.049999999999999822e+00 2.570400000000000063e+01
1.863060000000000116e+02 2.180270000000000152e+02 6.959999999999999964e+00 2.621799999999999997e+01
1.890120000000000005e+02 2.211479999999999961e+02 6.892999999999999794e+00 2.672299999999999898e+01
1.914139999999999873e+02 2.239200000000000159e+02 6.793999999999999595e+00 2.722299999999999898e+01
1.935740000000000123e+02 2.263950000000000102e+02 6.647999999999999687e+00 2.771699999999999875e+01
1.955389999999999873e+02 2.286280000000000143e+02 6.466000000000000192e+00 2.821000000000000085e+01
1.973120000000000118e+02 2.306440000000000055e+02 6.306000000000000050e+00 2.870100000000000051e+01
1.988799999999999955e+02 2.324759999999999991e+02 6.283000000000000362e+00 2.919000000000000128e+01
2.002870000000000061e+02 2.341450000000000102e+02 6.264000000000000234e+00 2.967699999999999960e+01
2.015569999999999879e+02 2.356779999999999973e+02 6.241999999999999993e+00 3.016499999999999915e+01
2.027110000000000127e+02 2.370900000000000034e+02 6.219000000000000306e+00 3.065200000000000102e+01
2.037510000000000048e+02 2.383930000000000007e+02 6.200000000000000178e+00 3.113800000000000168e+01
2.046939999999999884e+02 2.396020000000000039e+02 6.184000000000000163e+00 3.162399999999999878e+01
2.055480000000000018e+02 2.407259999999999991e+02 6.171000000000000263e+00 3.210900000000000176e+01
2.063280000000000030e+02 2.417799999999999727e+02 6.158999999999999808e+00 3.259499999999999886e+01
2.070269999999999868e+02 2.427640000000000100e+02 6.149000000000000021e+00 3.307999999999999829e+01
2.076519999999999868e+02 2.436889999999999930e+02 6.139999999999999680e+00 3.356400000000000006e+01
2.082110000000000127e+02 2.445589999999999975e+02 6.131999999999999673e+00 3.404800000000000182e+01
2.087119999999999891e+02 2.453810000000000002e+02 6.123999999999999666e+00 3.453199999999999648e+01
2.091599999999999966e+02 2.461619999999999777e+02 6.116999999999999993e+00 3.501700000000000301e+01
2.095589999999999975e+02 2.469000000000000057e+02 6.110999999999999766e+00 3.550200000000000244e+01
2.099130000000000109e+02 2.476009999999999991e+02 6.104000000000000092e+00 3.598599999999999710e+01
