1.340000000000000080e-01 1.310000000000000053e-01 6.540000000000000258e-01 1.459999999999999909e-01
1.340000000000000080e-01 2.620000000000000107e-01 6.850000000000000533e-01 2.710000000000000187e-01
1.340000000000000080e-01 3.930000000000000160e-01 7.129999999999999671e-01 3.980000000000000204e-01
1.340000000000000080e-01 5.250000000000000222e-01 7.409999999999999920e-01 5.250000000000000222e-01
1.340000000000000080e-01 6.560000000000000275e-01 7.680000000000000160e-01 6.520000000000000240e-01
1.340000000000000080e-01 7.870000000000000329e-01 7.930000000000000382e-01 7.820000000000000284e-01
1.340000000000000080e-01 1.213999999999999968e+00 1.110000000000000098e+00 9.160000000000000364e-01
2.190000000000000002e-01 2.966999999999999638e+00 2.535000000000000142e+00 1.256999999999999895e+00
1.366000000000000103e+00 6.440999999999999837e+00 4.107999999999999652e+00 2.068999999999999950e+00
4.206999999999999851e+00 1.181099999999999994e+01 5.405999999999999694e+00 3.330999999999999961e+00
8.929999999999999716e+00 1.919500000000000028e+01 6.613999999999999879e+00 4.788000000000000256e+00
1.587800000000000011e+01 2.855600000000000094e+01 7.466999999999999638e+00 6.349999999999999645e+00
2.513700000000000045e+01 3.995199999999999818e+01 7.948999999999999844e+00 8.013999999999999346e+00
3.653499999999999659e+01 5.331199999999999761e+01 8.169000000000000483e+00 9.769999999999999574e+00
5.005499999999999972e+01 6.876600000000000534e+01 8.256999999999999673e+00 1.163599999999999923e+01
6.560800000000000409e+01 8.634300000000000352e+01 8.330000000000000071e+00 1.360200000000000031e+01
8.330400000000000205e+01 1.062100000000000080e+02 8.416000000000000369e+00 1.569299999999999962e+01
1.035090000000000003e+02 1.287769999999999868e+02 8.496999999999999886e+00 1.797700000000000031e+01
1.226899999999999977e+02 1.496699999999999875e+02 8.073999999999999844e+00 2.016100000000000136e+01
1.370190000000000055e+02 1.649579999999999984e+02 7.724000000000000199e+00 2.149800000000000111e+01
1.480430000000000064e+02 1.767330000000000041e+02 7.540000000000000036e+00 2.245499999999999829e+01
1.568290000000000077e+02 1.861769999999999925e+02 7.426999999999999602e+00 2.324699999999999989e+01
1.639300000000000068e+02 1.938810000000000002e+02 7.341000000000000192e+00 2.396000000000000085e+01
1.698180000000000121e+02 2.003280000000000030e+02 7.253000000000000114e+00 2.462999999999999901e+01
1.747419999999999902e+02 2.057750000000000057e+02 7.166999999999999815e+00 2.526399999999999935e+01
1.789079999999999870e+02 2.104379999999999882e+02 7.078000000000000291e+00 2.587300000000000111e+01
1.824919999999999902e+02 2.144869999999999948e+02 6.974000000000000199e+00 2.646499999999999986e+01
1.855629999999999882e+02 2.180339999999999918e+02 6.892000000000000348e+00 2.704700000000000060e+01
1.881959999999999980e+02 2.211560000000000059e+02 6.836000000000000298e+00 2.761899999999999977e+01
1.905260000000000105e+02 2.239300000000000068e+02 6.751000000000000334e+00 2.818499999999999872e+01
1.926140000000000043e+02 2.264060000000000059e+02 6.613000000000000433e+00 2.874599999999999866e+01
1.945089999999999861e+02 2.286390000000000100e+02 6.432999999999999829e+00 2.930699999999999861e+01
1.962179999999999893e+02 2.306539999999999964e+02 6.261000000000000121e+00 2.986499999999999844e+01
1.977210000000000036e+02 2.324869999999999948e+02 6.238000000000000433e+00 3.042099999999999937e+01
1.990660000000000025e+02 2.341560000000000059e+02 6.214999999999999858e+00 3.097599999999999909e+01
2.002700000000000102e+02 2.356890000000000214e+02 6.195000000000000284e+00 3.153000000000000114e+01
2.013489999999999895e+02 2.371020000000000039e+02 6.179000000000000270e+00 3.208500000000000085e+01
2.023189999999999884e+02 2.384050000000000011e+02 6.163000000000000256e+00 3.263799999999999812e+01
2.031930000000000121e+02 2.396140000000000043e+02 6.150000000000000355e+00 3.319100000000000250e+01
2.039830000000000041e+02 2.407379999999999995e+02 6.136000000000000121e+00 3.374300000000000210e+01
2.046980000000000075e+02 2.417919999999999732e+02 6.121999999999999886e+00 3.429599999999999937e+01
2.053319999999999936e+02 2.427769999999999868e+02 6.108999999999999986e+00 3.484799999999999898e+01
2.058930000000000007e+02 2.437019999999999982e+02 6.097000000000000419e+00 3.539999999999999858e+01
2.063880000000000052e+02 2.445709999999999980e+02 6.086000000000000298e+00 3.595100000000000051e+01
2.068369999999999891e+02 2.453939999999999770e+02 6.062999999999999723e+00 3.650300000000000011e+01
2.072489999999999952e+02 2.461739999999999782e+02 6.025000000000000355e+00 3.705499999999999972e+01
2.076270000000000095e+02 2.469129999999999825e+02 5.972999999999999865e+00 3.760699999999999932e+01
2.079749999999999943e+02 2.476140000000000043e+02 5.908000000000000362e+00 3.815800000000000125e+01
