2.500000000000000139e-02 1.310000000000000053e-01 6.700000000000000400e-01 2.379999999999999893e-01
2.500000000000000139e-02 2.620000000000000107e-01 6.959999999999999520e-01 3.679999999999999938e-01
2.500000000000000139e-02 3.930000000000000160e-01 7.239999999999999769e-01 4.939999999999999947e-01
2.500000000000000139e-02 5.250000000000000222e-01 7.520000000000000018e-01 6.199999999999999956e-01
2.500000000000000139e-02 6.560000000000000275e-01 7.790000000000000258e-01 7.469999999999999973e-01
2.500000000000000139e-02 7.870000000000000329e-01 8.040000000000000480e-01 8.760000000000000009e-01
2.500000000000000139e-02 1.213999999999999968e+00 1.120000000000000107e+00 1.008999999999999897e+00
2.699999999999999969e-02 2.966999999999999638e+00 2.572999999999999954e+00 1.312999999999999945e+00
7.860000000000000320e-01 6.441999999999999282e+00 4.554000000000000270e+00 2.012999999999999901e+00
3.705999999999999961e+00 1.181400000000000006e+01 5.899000000000000021e+00 3.161999999999999922e+00
8.641000000000000014e+00 1.919900000000000162e+01 7.030000000000000249e+00 4.498999999999999666e+00
1.584399999999999942e+01 2.856300000000000239e+01 7.759999999999999787e+00 5.940999999999999837e+00
2.532300000000000040e+01 3.996099999999999852e+01 8.150000000000000355e+00 7.485999999999999766e+00
3.695900000000000318e+01 5.332300000000000040e+01 8.256999999999999673e+00 9.122999999999999332e+00
5.066100000000000136e+01 6.878000000000000114e+01 8.285999999999999588e+00 1.086999999999999922e+01
6.632999999999999829e+01 8.635999999999999943e+01 8.369999999999999218e+00 1.271599999999999930e+01
8.415500000000000114e+01 1.062319999999999993e+02 8.455000000000000071e+00 1.468900000000000006e+01
1.044899999999999949e+02 1.288050000000000068e+02 8.538000000000000256e+00 1.685699999999999932e+01
1.237789999999999964e+02 1.496889999999999930e+02 8.112999999999999545e+00 1.892500000000000071e+01
1.382199999999999989e+02 1.649729999999999848e+02 7.758000000000000007e+00 2.015099999999999980e+01
1.493549999999999898e+02 1.767429999999999950e+02 7.570999999999999730e+00 2.099200000000000088e+01
1.582570000000000050e+02 1.861829999999999927e+02 7.453999999999999737e+00 2.166600000000000037e+01
1.654749999999999943e+02 1.938849999999999909e+02 7.366999999999999993e+00 2.225600000000000023e+01
1.714650000000000034e+02 2.003280000000000030e+02 7.294999999999999929e+00 2.280199999999999960e+01
1.765020000000000095e+02 2.057729999999999961e+02 7.213000000000000078e+00 2.331400000000000006e+01
1.807760000000000105e+02 2.104339999999999975e+02 7.136999999999999567e+00 2.379899999999999949e+01
1.844639999999999986e+02 2.144809999999999945e+02 7.048000000000000043e+00 2.426800000000000068e+01
1.876639999999999873e+02 2.180270000000000152e+02 6.958000000000000185e+00 2.472500000000000142e+01
1.904219999999999970e+02 2.211479999999999961e+02 6.895999999999999908e+00 2.517299999999999827e+01
1.928360000000000127e+02 2.239200000000000159e+02 6.836999999999999744e+00 2.561499999999999844e+01
1.949569999999999936e+02 2.263950000000000102e+02 6.780000000000000249e+00 2.605300000000000082e+01
1.968420000000000130e+02 2.286280000000000143e+02 6.716000000000000192e+00 2.648900000000000077e+01
1.985140000000000100e+02 2.306430000000000007e+02 6.650999999999999801e+00 2.692299999999999827e+01
1.999559999999999889e+02 2.324749999999999943e+02 6.633000000000000007e+00 2.735500000000000043e+01
2.012400000000000091e+02 2.341440000000000055e+02 6.613000000000000433e+00 2.778500000000000014e+01
2.023870000000000005e+02 2.356770000000000209e+02 6.592999999999999972e+00 2.821600000000000108e+01
2.034159999999999968e+02 2.370900000000000034e+02 6.572000000000000064e+00 2.864600000000000080e+01
2.043329999999999984e+02 2.383930000000000007e+02 6.554000000000000270e+00 2.907499999999999929e+01
2.051510000000000105e+02 2.396020000000000039e+02 6.538999999999999702e+00 2.950400000000000134e+01
2.058820000000000050e+02 2.407259999999999991e+02 6.527000000000000135e+00 2.993199999999999861e+01
2.065420000000000016e+02 2.417789999999999964e+02 6.514000000000000234e+00 3.035999999999999943e+01
2.071459999999999866e+02 2.427640000000000100e+02 6.490000000000000213e+00 3.078800000000000026e+01
2.077009999999999934e+02 2.436889999999999930e+02 6.456000000000000405e+00 3.121600000000000108e+01
2.082110000000000127e+02 2.445579999999999927e+02 6.413000000000000256e+00 3.164300000000000068e+01
2.086819999999999879e+02 2.453810000000000002e+02 6.363000000000000433e+00 3.207000000000000028e+01
2.091189999999999998e+02 2.461610000000000014e+02 6.307000000000000384e+00 3.249799999999999756e+01
2.095229999999999961e+02 2.468990000000000009e+02 6.246000000000000441e+00 3.292600000000000193e+01
2.098959999999999866e+02 2.475999999999999943e+02 6.179000000000000270e+00 3.335300000000000153e+01
