2.500000000000000139e-02 1.310000000000000053e-01 6.189999999999999947e-01 2.879999999999999782e-01
2.500000000000000139e-02 2.620000000000000107e-01 5.879999999999999671e-01 4.749999999999999778e-01
2.500000000000000139e-02 3.930000000000000160e-01 5.600000000000000533e-01 6.580000000000000293e-01
2.500000000000000139e-02 5.250000000000000222e-01 5.310000000000000275e-01 8.409999999999999698e-01
2.500000000000000139e-02 6.560000000000000275e-01 5.010000000000000009e-01 1.024000000000000021e+00
2.500000000000000139e-02 7.870000000000000329e-01 4.680000000000000271e-01 1.211000000000000076e+00
2.500000000000000139e-02 1.213999999999999968e+00 7.269999999999999796e-01 1.401000000000000023e+00
2.699999999999999969e-02 2.966999999999999638e+00 2.112000000000000099e+00 1.790999999999999925e+00
5.679999999999999494e-01 6.439999999999999503e+00 4.136999999999999567e+00 2.664000000000000146e+00
3.184000000000000163e+00 1.181099999999999994e+01 5.605000000000000426e+00 3.991999999999999993e+00
7.956000000000000405e+00 1.919400000000000261e+01 6.722000000000000419e+00 5.506000000000000227e+00
1.494699999999999918e+01 2.855600000000000094e+01 7.483999999999999986e+00 7.125000000000000000e+00
2.416499999999999915e+01 3.995100000000000051e+01 7.953000000000000291e+00 8.846000000000000085e+00
3.550600000000000023e+01 5.331199999999999761e+01 8.173000000000000043e+00 1.065900000000000070e+01
4.896800000000000352e+01 6.876600000000000534e+01 8.259999999999999787e+00 1.258200000000000074e+01
6.446500000000000341e+01 8.634300000000000352e+01 8.333999999999999631e+00 1.460399999999999920e+01
8.210299999999999443e+01 1.062090000000000032e+02 8.419000000000000483e+00 1.675199999999999889e+01
1.022510000000000048e+02 1.287769999999999868e+02 8.500999999999999446e+00 1.909299999999999997e+01
1.213760000000000048e+02 1.496699999999999875e+02 8.077999999999999403e+00 2.133399999999999963e+01
1.356469999999999914e+02 1.649569999999999936e+02 7.727000000000000313e+00 2.272800000000000153e+01
1.466129999999999995e+02 1.767319999999999993e+02 7.544999999999999929e+00 2.374200000000000088e+01
1.553420000000000130e+02 1.861759999999999877e+02 7.432000000000000384e+00 2.459100000000000108e+01
1.623859999999999957e+02 1.938810000000000002e+02 7.347000000000000419e+00 2.535999999999999943e+01
1.682160000000000082e+02 2.003269999999999982e+02 7.259999999999999787e+00 2.608599999999999852e+01
1.730819999999999936e+02 2.057750000000000057e+02 7.174000000000000377e+00 2.677799999999999869e+01
1.771899999999999977e+02 2.104379999999999882e+02 7.086000000000000298e+00 2.744300000000000139e+01
1.807170000000000130e+02 2.144859999999999900e+02 6.982999999999999652e+00 2.809199999999999875e+01
1.837299999999999898e+02 2.180330000000000155e+02 6.902999999999999581e+00 2.873000000000000043e+01
1.863009999999999877e+02 2.211560000000000059e+02 6.849000000000000199e+00 2.935900000000000176e+01
1.885329999999999870e+02 2.239290000000000020e+02 6.799000000000000377e+00 2.998199999999999932e+01
1.904749999999999943e+02 2.264050000000000011e+02 6.748000000000000220e+00 3.060099999999999909e+01
1.921810000000000116e+02 2.286380000000000052e+02 6.687000000000000277e+00 3.121799999999999997e+01
1.936750000000000114e+02 2.306539999999999964e+02 6.620000000000000107e+00 3.183299999999999841e+01
1.949379999999999882e+02 2.324869999999999948e+02 6.599000000000000199e+00 3.244599999999999795e+01
1.960420000000000016e+02 2.341560000000000059e+02 6.576999999999999957e+00 3.305799999999999983e+01
1.970039999999999907e+02 2.356890000000000214e+02 6.559999999999999609e+00 3.366899999999999693e+01
1.978439999999999941e+02 2.371030000000000086e+02 6.543999999999999595e+00 3.428099999999999881e+01
1.985709999999999980e+02 2.384060000000000059e+02 6.532000000000000028e+00 3.489099999999999824e+01
1.992069999999999936e+02 2.396150000000000091e+02 6.517999999999999794e+00 3.550099999999999767e+01
1.997589999999999861e+02 2.407390000000000043e+02 6.503999999999999559e+00 3.610999999999999943e+01
2.002390000000000043e+02 2.417930000000000064e+02 6.488999999999999879e+00 3.671999999999999886e+01
2.006630000000000109e+02 2.427780000000000200e+02 6.463000000000000078e+00 3.732900000000000063e+01
2.010389999999999873e+02 2.437029999999999745e+02 6.426999999999999602e+00 3.793800000000000239e+01
2.013720000000000141e+02 2.445729999999999791e+02 6.381999999999999673e+00 3.854599999999999937e+01
2.016769999999999925e+02 2.453949999999999818e+02 6.317999999999999616e+00 3.915500000000000114e+01
2.019629999999999939e+02 2.461759999999999877e+02 6.230999999999999872e+00 3.976400000000000290e+01
2.022319999999999993e+02 2.469139999999999873e+02 6.125000000000000000e+00 4.037299999999999756e+01
2.024840000000000089e+02 2.476149999999999807e+02 6.000000000000000000e+00 4.098100000000000165e+01
