0.000000000000000000e+00 1.310000000000000053e-01 8.619999999999999885e-01 5.299999999999999850e-02
0.000000000000000000e+00 2.620000000000000107e-01 9.499999999999999556e-01 1.199999999999999956e-01
0.000000000000000000e+00 3.930000000000000160e-01 1.036000000000000032e+00 1.880000000000000004e-01
0.000000000000000000e+00 5.250000000000000222e-01 1.120999999999999996e+00 2.560000000000000053e-01
0.000000000000000000e+00 6.560000000000000275e-01 1.207000000000000073e+00 3.240000000000000102e-01
5.099999999999999672e-02 7.870000000000000329e-01 1.237999999999999989e+00 3.960000000000000187e-01
1.370000000000000107e-01 1.213999999999999968e+00 1.524999999999999911e+00 4.709999999999999742e-01
3.489999999999999769e-01 2.966999999999999638e+00 2.907000000000000028e+00 6.229999999999999982e-01
1.655999999999999917e+00 6.439999999999999503e+00 4.708000000000000185e+00 9.829999999999999849e-01
4.793000000000000149e+00 1.181099999999999994e+01 6.182000000000000384e+00 1.788000000000000034e+00
1.006099999999999994e+01 1.919400000000000261e+01 7.306000000000000050e+00 2.791999999999999815e+00
1.763500000000000156e+01 2.855600000000000094e+01 7.993000000000000327e+00 3.903000000000000025e+00
2.757700000000000173e+01 3.995100000000000051e+01 8.247999999999999332e+00 5.115999999999999659e+00
3.969599999999999795e+01 5.331199999999999761e+01 8.198000000000000398e+00 6.423000000000000043e+00
5.365100000000000335e+01 6.876600000000000534e+01 8.300000000000000711e+00 7.839999999999999858e+00
6.966599999999999682e+01 8.634300000000000352e+01 8.358999999999999986e+00 9.356999999999999318e+00
8.781300000000000239e+01 1.062090000000000032e+02 8.439000000000000057e+00 1.100099999999999945e+01
1.084410000000000025e+02 1.287750000000000057e+02 8.544000000000000483e+00 1.283799999999999919e+01
1.280970000000000084e+02 1.496699999999999875e+02 8.090999999999999304e+00 1.458000000000000007e+01
1.428549999999999898e+02 1.649579999999999984e+02 7.761000000000000121e+00 1.546700000000000053e+01
1.543679999999999950e+02 1.767319999999999993e+02 7.549000000000000377e+00 1.596499999999999986e+01
1.636109999999999900e+02 1.861759999999999877e+02 7.427999999999999936e+00 1.630999999999999872e+01
1.711779999999999973e+02 1.938810000000000002e+02 7.326999999999999957e+00 1.657000000000000028e+01
1.775209999999999866e+02 2.003269999999999982e+02 7.243000000000000327e+00 1.678200000000000003e+01
1.828669999999999902e+02 2.057750000000000057e+02 7.192000000000000171e+00 1.695799999999999841e+01
1.874929999999999950e+02 2.104379999999999882e+02 7.100999999999999979e+00 1.710800000000000054e+01
1.914970000000000141e+02 2.144859999999999900e+02 7.035000000000000142e+00 1.724099999999999966e+01
1.950300000000000011e+02 2.180339999999999918e+02 6.955000000000000071e+00 1.735999999999999943e+01
1.981430000000000007e+02 2.211560000000000059e+02 6.879999999999999893e+00 1.746999999999999886e+01
2.009170000000000016e+02 2.239300000000000068e+02 6.809999999999999609e+00 1.757400000000000162e+01
2.033959999999999866e+02 2.264060000000000059e+02 6.746000000000000441e+00 1.767299999999999827e+01
2.056339999999999861e+02 2.286400000000000148e+02 6.676000000000000156e+00 1.776999999999999957e+01
2.076560000000000059e+02 2.306560000000000059e+02 6.602000000000000313e+00 1.786400000000000077e+01
2.094420000000000073e+02 2.324879999999999995e+02 6.578000000000000291e+00 1.795599999999999952e+01
2.110649999999999977e+02 2.341580000000000155e+02 6.557000000000000384e+00 1.804700000000000060e+01
2.125490000000000066e+02 2.356910000000000025e+02 6.538000000000000256e+00 1.813800000000000168e+01
2.139139999999999873e+02 2.371040000000000134e+02 6.520999999999999908e+00 1.822800000000000153e+01
2.151630000000000109e+02 2.384070000000000107e+02 6.508000000000000007e+00 1.831700000000000017e+01
2.163209999999999980e+02 2.396170000000000186e+02 6.493999999999999773e+00 1.840500000000000114e+01
2.173919999999999959e+02 2.407410000000000139e+02 6.480999999999999872e+00 1.849299999999999855e+01
2.183930000000000007e+02 2.417950000000000159e+02 6.466999999999999638e+00 1.858099999999999952e+01
2.193269999999999982e+02 2.427799999999999727e+02 6.453000000000000291e+00 1.866900000000000048e+01
2.201990000000000123e+02 2.437049999999999841e+02 6.440999999999999837e+00 1.875700000000000145e+01
2.210130000000000052e+02 2.445749999999999886e+02 6.431000000000000050e+00 1.884400000000000119e+01
2.217800000000000011e+02 2.453969999999999914e+02 6.421999999999999709e+00 1.893100000000000094e+01
2.225029999999999859e+02 2.461779999999999973e+02 6.413999999999999702e+00 1.901800000000000068e+01
2.231829999999999927e+02 2.469159999999999968e+02 6.407000000000000028e+00 1.910500000000000043e+01
2.238269999999999982e+02 2.476179999999999950e+02 6.400999999999999801e+00 1.919099999999999895e+01
