2.500000000000000139e-02 1.310000000000000053e-01 7.740000000000000213e-01 1.340000000000000080e-01
2.500000000000000139e-02 2.620000000000000107e-01 9.160000000000000364e-01 1.499999999999999944e-01
5.800000000000000294e-02 3.930000000000000160e-01 1.024000000000000021e+00 1.620000000000000051e-01
1.789999999999999925e-01 5.250000000000000222e-01 1.046000000000000041e+00 1.739999999999999880e-01
2.979999999999999871e-01 6.560000000000000275e-01 1.066999999999999948e+00 1.859999999999999987e-01
4.189999999999999836e-01 7.870000000000000329e-01 1.086000000000000076e+00 2.010000000000000120e-01
5.610000000000000542e-01 1.213999999999999968e+00 1.372999999999999998e+00 2.210000000000000020e-01
8.319999999999999618e-01 2.966999999999999638e+00 2.660000000000000142e+00 4.400000000000000022e-01
1.832999999999999963e+00 6.439999999999999503e+00 4.394999999999999574e+00 1.141000000000000014e+00
4.892000000000000348e+00 1.181099999999999994e+01 5.591999999999999638e+00 2.297000000000000153e+00
9.835000000000000853e+00 1.919400000000000261e+01 6.708000000000000185e+00 3.640000000000000124e+00
1.699699999999999989e+01 2.855600000000000094e+01 7.469999999999999751e+00 5.088000000000000078e+00
2.638599999999999923e+01 3.995100000000000051e+01 7.940000000000000391e+00 6.637999999999999901e+00
3.789699999999999847e+01 5.331199999999999761e+01 8.160000000000000142e+00 8.279999999999999361e+00
5.153099999999999881e+01 6.876600000000000534e+01 8.246999999999999886e+00 1.003200000000000003e+01
6.719799999999999329e+01 8.634300000000000352e+01 8.320000000000000284e+00 1.188299999999999912e+01
8.500799999999999557e+01 1.062090000000000032e+02 8.406000000000000583e+00 1.385999999999999943e+01
1.053269999999999982e+02 1.287769999999999868e+02 8.487000000000000099e+00 1.603000000000000114e+01
1.246219999999999999e+02 1.496699999999999875e+02 8.064999999999999503e+00 1.810099999999999909e+01
1.390649999999999977e+02 1.649569999999999936e+02 7.714000000000000412e+00 1.932300000000000040e+01
1.502019999999999982e+02 1.767319999999999993e+02 7.533000000000000362e+00 2.016499999999999915e+01
1.591020000000000039e+02 1.861759999999999877e+02 7.419999999999999929e+00 2.084299999999999997e+01
1.663160000000000025e+02 1.938810000000000002e+02 7.333999999999999631e+00 2.144200000000000017e+01
1.723180000000000121e+02 2.003269999999999982e+02 7.246999999999999886e+00 2.199800000000000111e+01
1.773549999999999898e+02 2.057750000000000057e+02 7.160999999999999588e+00 2.251800000000000068e+01
1.816339999999999861e+02 2.104379999999999882e+02 7.073000000000000398e+00 2.301300000000000168e+01
1.853309999999999889e+02 2.144859999999999900e+02 6.969999999999999751e+00 2.349099999999999966e+01
1.885159999999999911e+02 2.180339999999999918e+02 6.887999999999999901e+00 2.395899999999999963e+01
1.912580000000000098e+02 2.211560000000000059e+02 6.834999999999999964e+00 2.441600000000000037e+01
1.936620000000000061e+02 2.239300000000000068e+02 6.785000000000000142e+00 2.486899999999999977e+01
1.957750000000000057e+02 2.264050000000000011e+02 6.733999999999999986e+00 2.531599999999999895e+01
1.976519999999999868e+02 2.286390000000000100e+02 6.673000000000000043e+00 2.576300000000000168e+01
1.993170000000000073e+02 2.306550000000000011e+02 6.605999999999999872e+00 2.620599999999999952e+01
2.007510000000000048e+02 2.324869999999999948e+02 6.584999999999999964e+00 2.664900000000000091e+01
2.020250000000000057e+02 2.341570000000000107e+02 6.562999999999999723e+00 2.708899999999999864e+01
2.031579999999999870e+02 2.356899999999999977e+02 6.544999999999999929e+00 2.753000000000000114e+01
2.041699999999999875e+02 2.371030000000000086e+02 6.528999999999999915e+00 2.796999999999999886e+01
2.050680000000000121e+02 2.384060000000000059e+02 6.517999999999999794e+00 2.840899999999999892e+01
2.058750000000000000e+02 2.396160000000000139e+02 6.503999999999999559e+00 2.884799999999999898e+01
2.065970000000000084e+02 2.407400000000000091e+02 6.490000000000000213e+00 2.928600000000000136e+01
2.072489999999999952e+02 2.417939999999999827e+02 6.474999999999999645e+00 2.972500000000000142e+01
2.078449999999999989e+02 2.427780000000000200e+02 6.448000000000000398e+00 3.016400000000000148e+01
2.083919999999999959e+02 2.437029999999999745e+02 6.411999999999999922e+00 3.060200000000000031e+01
2.088950000000000102e+02 2.445729999999999791e+02 6.365999999999999659e+00 3.103900000000000148e+01
2.093710000000000093e+02 2.453959999999999866e+02 6.301999999999999602e+00 3.147599999999999909e+01
2.098290000000000077e+02 2.461759999999999877e+02 6.214999999999999858e+00 3.191499999999999915e+01
2.102690000000000055e+02 2.469139999999999873e+02 6.108999999999999986e+00 3.235199999999999676e+01
2.106920000000000073e+02 2.476159999999999854e+02 5.985000000000000320e+00 3.278900000000000148e+01
