1.130000000000000032e-01 1.310000000000000053e-01 7.610000000000000098e-01 6.199999999999999956e-02
1.130000000000000032e-01 2.620000000000000107e-01 9.070000000000000284e-01 7.099999999999999367e-02
1.469999999999999918e-01 3.930000000000000160e-01 1.014999999999999902e+00 8.300000000000000433e-02
2.670000000000000151e-01 5.250000000000000222e-01 1.036999999999999922e+00 9.500000000000000111e-02
3.870000000000000107e-01 6.560000000000000275e-01 1.058000000000000052e+00 1.069999999999999979e-01
5.070000000000000062e-01 7.870000000000000329e-01 1.076999999999999957e+00 1.219999999999999973e-01
6.500000000000000222e-01 1.213999999999999968e+00 1.364999999999999991e+00 1.419999999999999873e-01
9.379999999999999449e-01 2.966999999999999638e+00 2.633000000000000007e+00 3.599999999999999867e-01
2.125999999999999890e+00 6.440999999999999837e+00 4.206999999999999851e+00 1.058999999999999941e+00
4.980000000000000426e+00 1.181099999999999994e+01 5.591999999999999638e+00 2.209000000000000075e+00
9.923999999999999488e+00 1.919500000000000028e+01 6.708000000000000185e+00 3.552000000000000046e+00
1.708500000000000085e+01 2.855600000000000094e+01 7.469999999999999751e+00 5.000000000000000000e+00
2.647400000000000020e+01 3.995199999999999818e+01 7.940000000000000391e+00 6.549999999999999822e+00
3.798599999999999710e+01 5.331199999999999761e+01 8.160000000000000142e+00 8.192000000000000171e+00
5.161999999999999744e+01 6.876600000000000534e+01 8.246999999999999886e+00 9.944000000000000838e+00
6.728700000000000614e+01 8.634300000000000352e+01 8.320000000000000284e+00 1.179499999999999993e+01
8.509699999999999420e+01 1.062100000000000080e+02 8.406000000000000583e+00 1.377200000000000024e+01
1.054159999999999968e+02 1.287769999999999868e+02 8.487999999999999545e+00 1.594400000000000084e+01
1.247109999999999985e+02 1.496699999999999875e+02 8.064999999999999503e+00 1.801399999999999935e+01
1.391539999999999964e+02 1.649579999999999984e+02 7.714000000000000412e+00 1.923600000000000065e+01
1.502909999999999968e+02 1.767330000000000041e+02 7.533000000000000362e+00 2.007900000000000063e+01
1.591910000000000025e+02 1.861769999999999925e+02 7.419999999999999929e+00 2.075700000000000145e+01
1.664050000000000011e+02 1.938810000000000002e+02 7.333999999999999631e+00 2.135500000000000043e+01
1.724070000000000107e+02 2.003280000000000030e+02 7.246999999999999886e+00 2.191100000000000136e+01
1.774430000000000121e+02 2.057750000000000057e+02 7.160999999999999588e+00 2.243199999999999861e+01
1.817230000000000132e+02 2.104379999999999882e+02 7.073000000000000398e+00 2.292599999999999838e+01
1.854199999999999875e+02 2.144869999999999948e+02 6.969999999999999751e+00 2.340500000000000114e+01
1.886049999999999898e+02 2.180339999999999918e+02 6.887999999999999901e+00 2.387199999999999989e+01
1.913470000000000084e+02 2.211570000000000107e+02 6.834999999999999964e+00 2.432999999999999829e+01
1.937500000000000000e+02 2.239300000000000068e+02 6.783999999999999808e+00 2.478200000000000003e+01
1.958619999999999948e+02 2.264060000000000059e+02 6.733999999999999986e+00 2.523000000000000043e+01
1.977390000000000043e+02 2.286390000000000100e+02 6.673000000000000043e+00 2.567599999999999838e+01
1.994060000000000059e+02 2.306550000000000011e+02 6.605000000000000426e+00 2.612000000000000099e+01
2.009149999999999920e+02 2.324879999999999995e+02 6.511999999999999567e+00 2.656200000000000117e+01
2.022959999999999923e+02 2.341570000000000107e+02 6.397000000000000242e+00 2.700300000000000011e+01
2.035629999999999882e+02 2.356899999999999977e+02 6.264000000000000234e+00 2.744300000000000139e+01
2.046550000000000011e+02 2.371030000000000086e+02 6.171999999999999709e+00 2.788400000000000034e+01
2.055569999999999879e+02 2.384070000000000107e+02 6.155999999999999694e+00 2.832300000000000040e+01
2.063629999999999995e+02 2.396160000000000139e+02 6.142000000000000348e+00 2.876200000000000045e+01
2.070860000000000127e+02 2.407400000000000091e+02 6.128000000000000114e+00 2.919999999999999929e+01
2.077359999999999900e+02 2.417930000000000064e+02 6.113999999999999879e+00 2.963899999999999935e+01
2.083209999999999980e+02 2.427780000000000200e+02 6.099999999999999645e+00 3.007499999999999929e+01
2.088559999999999945e+02 2.437029999999999745e+02 6.086000000000000298e+00 3.050100000000000122e+01
2.093470000000000084e+02 2.445729999999999791e+02 6.070999999999999730e+00 3.091700000000000159e+01
2.098110000000000070e+02 2.453949999999999818e+02 6.043999999999999595e+00 3.132499999999999929e+01
2.102570000000000050e+02 2.461759999999999877e+02 6.001999999999999780e+00 3.172400000000000020e+01
2.106839999999999975e+02 2.469139999999999873e+02 5.945000000000000284e+00 3.211299999999999955e+01
2.110949999999999989e+02 2.476149999999999807e+02 5.876999999999999780e+00 3.249499999999999744e+01
