2.500000000000000139e-02 1.310000000000000053e-01 5.689999999999999503e-01 3.370000000000000218e-01
2.500000000000000139e-02 2.620000000000000107e-01 4.839999999999999858e-01 5.789999999999999591e-01
2.500000000000000139e-02 3.930000000000000160e-01 4.010000000000000231e-01 8.159999999999999476e-01
2.500000000000000139e-02 5.250000000000000222e-01 3.160000000000000031e-01 1.054999999999999938e+00
2.500000000000000139e-02 6.560000000000000275e-01 2.270000000000000073e-01 1.298999999999999932e+00
2.500000000000000139e-02 7.870000000000000329e-01 1.839999999999999969e-01 1.544000000000000039e+00
2.500000000000000139e-02 1.213999999999999968e+00 4.699999999999999734e-01 1.790999999999999925e+00
2.699999999999999969e-02 2.966999999999999638e+00 1.814000000000000057e+00 2.209000000000000075e+00
5.460000000000000409e-01 6.441999999999999282e+00 3.922000000000000153e+00 3.024000000000000021e+00
2.891000000000000014e+00 1.181400000000000006e+01 5.719999999999999751e+00 4.293999999999999595e+00
7.525999999999999801e+00 1.919900000000000162e+01 7.036999999999999922e+00 5.745000000000000107e+00
1.461500000000000021e+01 2.856300000000000239e+01 7.767000000000000348e+00 7.301000000000000156e+00
2.397899999999999920e+01 3.996099999999999852e+01 8.157000000000000028e+00 8.960000000000000853e+00
3.550200000000000244e+01 5.332300000000000040e+01 8.263999999999999346e+00 1.071100000000000030e+01
4.909000000000000341e+01 6.878000000000000114e+01 8.292999999999999261e+00 1.257199999999999918e+01
6.464499999999999602e+01 8.635999999999999943e+01 8.377000000000000668e+00 1.453200000000000003e+01
8.235599999999999454e+01 1.062319999999999993e+02 8.461999999999999744e+00 1.661899999999999977e+01
1.025769999999999982e+02 1.288050000000000068e+02 8.544999999999999929e+00 1.890099999999999980e+01
1.217530000000000001e+02 1.496889999999999930e+02 8.119999999999999218e+00 2.108299999999999841e+01
1.360790000000000077e+02 1.649729999999999848e+02 7.764999999999999680e+00 2.242299999999999827e+01
1.471009999999999991e+02 1.767429999999999950e+02 7.578999999999999737e+00 2.337699999999999889e+01
1.558880000000000052e+02 1.861829999999999927e+02 7.463000000000000078e+00 2.416400000000000148e+01
1.629929999999999950e+02 1.938849999999999909e+02 7.376999999999999780e+00 2.486700000000000088e+01
1.688689999999999998e+02 2.003280000000000030e+02 7.304999999999999716e+00 2.552700000000000102e+01
1.737920000000000016e+02 2.057729999999999961e+02 7.224999999999999645e+00 2.614999999999999858e+01
1.779519999999999982e+02 2.104339999999999975e+02 7.150000000000000355e+00 2.674800000000000111e+01
1.815260000000000105e+02 2.144809999999999945e+02 7.062000000000000277e+00 2.733099999999999952e+01
1.846119999999999948e+02 2.180270000000000152e+02 6.972000000000000419e+00 2.790200000000000102e+01
1.872560000000000002e+02 2.211479999999999961e+02 6.908999999999999808e+00 2.846399999999999864e+01
1.895550000000000068e+02 2.239200000000000159e+02 6.850999999999999979e+00 2.902100000000000080e+01
1.915620000000000118e+02 2.263950000000000102e+02 6.793000000000000149e+00 2.957199999999999918e+01
1.933340000000000032e+02 2.286280000000000143e+02 6.730000000000000426e+00 3.012199999999999989e+01
1.948919999999999959e+02 2.306430000000000007e+02 6.663999999999999702e+00 3.067000000000000171e+01
1.962189999999999941e+02 2.324749999999999943e+02 6.645999999999999908e+00 3.121600000000000108e+01
1.973890000000000100e+02 2.341440000000000055e+02 6.626999999999999780e+00 3.176000000000000156e+01
1.984209999999999923e+02 2.356770000000000209e+02 6.607000000000000206e+00 3.230400000000000205e+01
1.993369999999999891e+02 2.370900000000000034e+02 6.586000000000000298e+00 3.284899999999999665e+01
2.001390000000000100e+02 2.383930000000000007e+02 6.567000000000000171e+00 3.339200000000000301e+01
2.008429999999999893e+02 2.396020000000000039e+02 6.552999999999999936e+00 3.393500000000000227e+01
2.014600000000000080e+02 2.407259999999999991e+02 6.541000000000000369e+00 3.447599999999999909e+01
2.020060000000000002e+02 2.417789999999999964e+02 6.527000000000000135e+00 3.501899999999999835e+01
2.024960000000000093e+02 2.427640000000000100e+02 6.503000000000000114e+00 3.556099999999999994e+01
2.029360000000000070e+02 2.436889999999999930e+02 6.469999999999999751e+00 3.610300000000000153e+01
2.033319999999999936e+02 2.445579999999999927e+02 6.426999999999999602e+00 3.664399999999999835e+01
2.036899999999999977e+02 2.453810000000000002e+02 6.376999999999999780e+00 3.718500000000000227e+01
2.040130000000000052e+02 2.461610000000000014e+02 6.320999999999999730e+00 3.772699999999999676e+01
2.043019999999999925e+02 2.468990000000000009e+02 6.259999999999999787e+00 3.826800000000000068e+01
2.045620000000000118e+02 2.475999999999999943e+02 6.192999999999999616e+00 3.881000000000000227e+01
