1.130000000000000032e-01 1.310000000000000053e-01 5.560000000000000497e-01 2.640000000000000124e-01
1.130000000000000032e-01 2.620000000000000107e-01 4.749999999999999778e-01 5.000000000000000000e-01
1.130000000000000032e-01 3.930000000000000160e-01 3.920000000000000151e-01 7.369999999999999885e-01
1.130000000000000032e-01 5.250000000000000222e-01 3.079999999999999960e-01 9.759999999999999787e-01
1.130000000000000032e-01 6.560000000000000275e-01 2.179999999999999993e-01 1.219000000000000083e+00
1.130000000000000032e-01 7.870000000000000329e-01 1.749999999999999889e-01 1.463999999999999968e+00
1.130000000000000032e-01 1.213999999999999968e+00 4.620000000000000218e-01 1.711999999999999966e+00
1.330000000000000071e-01 2.967999999999999972e+00 1.786999999999999922e+00 2.129999999999999893e+00
8.369999999999999662e-01 6.442999999999999616e+00 3.733999999999999986e+00 2.942000000000000171e+00
2.979000000000000092e+00 1.181499999999999950e+01 5.719999999999999751e+00 4.206000000000000405e+00
7.613999999999999879e+00 1.920000000000000284e+01 7.036999999999999922e+00 5.657000000000000028e+00
1.470299999999999940e+01 2.856300000000000239e+01 7.767000000000000348e+00 7.213000000000000078e+00
2.406700000000000017e+01 3.996099999999999852e+01 8.157000000000000028e+00 8.871999999999999886e+00
3.559000000000000341e+01 5.332399999999999807e+01 8.263999999999999346e+00 1.062299999999999933e+01
4.917799999999999727e+01 6.878000000000000114e+01 8.292999999999999261e+00 1.248399999999999999e+01
6.473300000000000409e+01 8.635999999999999943e+01 8.377000000000000668e+00 1.444400000000000084e+01
8.244400000000000261e+01 1.062319999999999993e+02 8.461999999999999744e+00 1.653099999999999881e+01
1.026650000000000063e+02 1.288059999999999832e+02 8.544999999999999929e+00 1.881400000000000006e+01
1.218400000000000034e+02 1.496899999999999977e+02 8.121000000000000441e+00 2.099599999999999866e+01
1.361659999999999968e+02 1.649729999999999848e+02 7.764999999999999680e+00 2.233699999999999974e+01
1.471879999999999882e+02 1.767439999999999998e+02 7.578999999999999737e+00 2.329100000000000037e+01
1.559759999999999991e+02 1.861839999999999975e+02 7.463000000000000078e+00 2.407799999999999940e+01
1.630800000000000125e+02 1.938849999999999909e+02 7.376999999999999780e+00 2.478099999999999881e+01
1.689559999999999889e+02 2.003290000000000077e+02 7.304999999999999716e+00 2.544099999999999895e+01
1.738789999999999907e+02 2.057740000000000009e+02 7.224999999999999645e+00 2.606400000000000006e+01
1.780389999999999873e+02 2.104350000000000023e+02 7.150000000000000355e+00 2.666199999999999903e+01
1.816129999999999995e+02 2.144809999999999945e+02 7.062000000000000277e+00 2.724500000000000099e+01
1.846990000000000123e+02 2.180270000000000152e+02 6.972000000000000419e+00 2.781599999999999895e+01
1.873429999999999893e+02 2.211479999999999961e+02 6.908999999999999808e+00 2.837800000000000011e+01
1.896419999999999959e+02 2.239209999999999923e+02 6.850999999999999979e+00 2.893499999999999872e+01
1.916500000000000057e+02 2.263960000000000150e+02 6.793000000000000149e+00 2.948600000000000065e+01
1.934209999999999923e+02 2.286280000000000143e+02 6.730000000000000426e+00 3.003600000000000136e+01
1.949830000000000041e+02 2.306440000000000055e+02 6.660999999999999588e+00 3.058399999999999963e+01
1.963870000000000005e+02 2.324759999999999991e+02 6.568999999999999950e+00 3.112999999999999901e+01
1.976620000000000061e+02 2.341450000000000102e+02 6.458000000000000185e+00 3.167399999999999949e+01
1.988290000000000077e+02 2.356779999999999973e+02 6.323000000000000398e+00 3.221800000000000352e+01
1.998209999999999980e+02 2.370900000000000034e+02 6.227000000000000313e+00 3.276299999999999812e+01
2.006250000000000000e+02 2.383940000000000055e+02 6.208000000000000185e+00 3.330599999999999739e+01
2.013300000000000125e+02 2.396020000000000039e+02 6.192000000000000171e+00 3.384899999999999665e+01
2.019480000000000075e+02 2.407259999999999991e+02 6.179000000000000270e+00 3.439000000000000057e+01
2.024929999999999950e+02 2.417799999999999727e+02 6.166999999999999815e+00 3.493299999999999983e+01
2.029689999999999941e+02 2.427640000000000100e+02 6.155999999999999694e+00 3.547500000000000142e+01
2.033930000000000007e+02 2.436889999999999930e+02 6.145999999999999908e+00 3.600900000000000034e+01
2.037729999999999961e+02 2.445589999999999975e+02 6.134000000000000341e+00 3.653199999999999648e+01
2.041140000000000043e+02 2.453810000000000002e+02 6.123000000000000220e+00 3.704699999999999704e+01
2.044199999999999875e+02 2.461619999999999777e+02 6.110999999999999766e+00 3.755400000000000205e+01
2.046930000000000121e+02 2.469000000000000057e+02 6.100999999999999979e+00 3.805199999999999960e+01
2.049360000000000070e+02 2.476009999999999991e+02 6.091000000000000192e+00 3.854200000000000159e+01
