2.500000000000000139e-02 1.310000000000000053e-01 6.700000000000000400e-01 2.379999999999999893e-01
2.500000000000000139e-02 2.620000000000000107e-01 6.959999999999999520e-01 3.679999999999999938e-01
2.500000000000000139e-02 3.930000000000000160e-01 7.239999999999999769e-01 4.939999999999999947e-01
2.500000000000000139e-02 5.250000000000000222e-01 7.520000000000000018e-01 6.199999999999999956e-01
2.500000000000000139e-02 6.560000000000000275e-01 7.790000000000000258e-01 7.469999999999999973e-01
2.500000000000000139e-02 7.870000000000000329e-01 8.040000000000000480e-01 8.760000000000000009e-01
2.500000000000000139e-02 1.213999999999999968e+00 1.120000000000000107e+00 1.008999999999999897e+00
2.699999999999999969e-02 2.966999999999999638e+00 2.561999999999999833e+00 1.342000000000000082e+00
8.080000000000000515e-01 6.439999999999999503e+00 4.402999999999999581e+00 2.157000000000000028e+00
3.753000000000000114e+00 1.181099999999999994e+01 5.600999999999999979e+00 3.426000000000000156e+00
8.582000000000000739e+00 1.919400000000000261e+01 6.717999999999999972e+00 4.883000000000000007e+00
1.563000000000000078e+01 2.855600000000000094e+01 7.480000000000000426e+00 6.445000000000000284e+00
2.490500000000000114e+01 3.995100000000000051e+01 7.948999999999999844e+00 8.108999999999999986e+00
3.630299999999999727e+01 5.331199999999999761e+01 8.169000000000000483e+00 9.865000000000000213e+00
4.982200000000000273e+01 6.876600000000000534e+01 8.256999999999999673e+00 1.173099999999999987e+01
6.537500000000000000e+01 8.634300000000000352e+01 8.330000000000000071e+00 1.369599999999999973e+01
8.307099999999999795e+01 1.062090000000000032e+02 8.416000000000000369e+00 1.578700000000000081e+01
1.032759999999999962e+02 1.287769999999999868e+02 8.496999999999999886e+00 1.807199999999999918e+01
1.224579999999999984e+02 1.496699999999999875e+02 8.073999999999999844e+00 2.025600000000000023e+01
1.367860000000000014e+02 1.649569999999999936e+02 7.724000000000000199e+00 2.159199999999999875e+01
1.478089999999999975e+02 1.767319999999999993e+02 7.541000000000000369e+00 2.254899999999999949e+01
1.565949999999999989e+02 1.861759999999999877e+02 7.427999999999999936e+00 2.334199999999999875e+01
1.636949999999999932e+02 1.938810000000000002e+02 7.342999999999999972e+00 2.405399999999999849e+01
1.695829999999999984e+02 2.003269999999999982e+02 7.254999999999999893e+00 2.472400000000000020e+01
1.745060000000000002e+02 2.057750000000000057e+02 7.168999999999999595e+00 2.535900000000000176e+01
1.786709999999999923e+02 2.104379999999999882e+02 7.081000000000000405e+00 2.596699999999999875e+01
1.822549999999999955e+02 2.144859999999999900e+02 6.977999999999999758e+00 2.655999999999999872e+01
1.853249999999999886e+02 2.180339999999999918e+02 6.897000000000000242e+00 2.714099999999999824e+01
1.879530000000000030e+02 2.211560000000000059e+02 6.842999999999999972e+00 2.771300000000000097e+01
1.902429999999999950e+02 2.239300000000000068e+02 6.793000000000000149e+00 2.827899999999999991e+01
1.922419999999999902e+02 2.264050000000000011e+02 6.741999999999999993e+00 2.884100000000000108e+01
1.940049999999999955e+02 2.286390000000000100e+02 6.681000000000000050e+00 2.940099999999999980e+01
1.955560000000000116e+02 2.306550000000000011e+02 6.613999999999999879e+00 2.995899999999999963e+01
1.968760000000000048e+02 2.324869999999999948e+02 6.592999999999999972e+00 3.051500000000000057e+01
1.980360000000000014e+02 2.341570000000000107e+02 6.570999999999999730e+00 3.107000000000000028e+01
1.990550000000000068e+02 2.356899999999999977e+02 6.552999999999999936e+00 3.162399999999999878e+01
1.999530000000000030e+02 2.371030000000000086e+02 6.536999999999999922e+00 3.217900000000000205e+01
2.007369999999999948e+02 2.384060000000000059e+02 6.525999999999999801e+00 3.273199999999999932e+01
2.014300000000000068e+02 2.396160000000000139e+02 6.511999999999999567e+00 3.328499999999999659e+01
2.020389999999999873e+02 2.407400000000000091e+02 6.498000000000000220e+00 3.383700000000000330e+01
2.025759999999999934e+02 2.417939999999999827e+02 6.482999999999999652e+00 3.439000000000000057e+01
2.030579999999999927e+02 2.427780000000000200e+02 6.456999999999999851e+00 3.494200000000000017e+01
2.034910000000000139e+02 2.437029999999999745e+02 6.419999999999999929e+00 3.549399999999999977e+01
2.038799999999999955e+02 2.445729999999999791e+02 6.373999999999999666e+00 3.604500000000000171e+01
2.042429999999999950e+02 2.453959999999999866e+02 6.309999999999999609e+00 3.659700000000000131e+01
2.045860000000000127e+02 2.461759999999999877e+02 6.224000000000000199e+00 3.714900000000000091e+01
2.049120000000000061e+02 2.469139999999999873e+02 6.118000000000000327e+00 3.770100000000000051e+01
2.052210000000000036e+02 2.476159999999999854e+02 5.993000000000000327e+00 3.825200000000000244e+01
