1.130000000000000032e-01 1.310000000000000053e-01 6.049999999999999822e-01 2.149999999999999967e-01
1.130000000000000032e-01 2.620000000000000107e-01 5.789999999999999591e-01 3.960000000000000187e-01
1.130000000000000032e-01 3.930000000000000160e-01 5.510000000000000453e-01 5.779999999999999583e-01
1.130000000000000032e-01 5.250000000000000222e-01 5.220000000000000195e-01 7.610000000000000098e-01
1.130000000000000032e-01 6.560000000000000275e-01 4.929999999999999938e-01 9.449999999999999512e-01
1.130000000000000032e-01 7.870000000000000329e-01 4.600000000000000200e-01 1.131000000000000005e+00
1.130000000000000032e-01 1.213999999999999968e+00 7.189999999999999725e-01 1.322000000000000064e+00
1.330000000000000071e-01 2.966999999999999638e+00 2.125999999999999890e+00 1.653999999999999915e+00
8.100000000000000533e-01 6.439999999999999503e+00 4.269999999999999574e+00 2.293000000000000149e+00
3.192000000000000171e+00 1.181099999999999994e+01 6.198000000000000398e+00 3.375999999999999890e+00
8.189000000000000057e+00 1.919400000000000261e+01 7.322000000000000064e+00 4.650000000000000355e+00
1.549399999999999977e+01 2.855600000000000094e+01 8.009000000000000341e+00 6.028999999999999915e+00
2.516799999999999926e+01 3.995199999999999818e+01 8.265000000000000568e+00 7.511000000000000121e+00
3.702000000000000313e+01 5.331199999999999761e+01 8.214999999999999858e+00 9.085000000000000853e+00
5.070799999999999841e+01 6.876600000000000534e+01 8.317000000000000171e+00 1.076800000000000068e+01
6.645799999999999841e+01 8.634300000000000352e+01 8.375999999999999446e+00 1.255000000000000071e+01
8.434099999999999397e+01 1.062090000000000032e+02 8.455000000000000071e+00 1.445800000000000018e+01
1.047049999999999983e+02 1.287750000000000057e+02 8.558999999999999275e+00 1.655699999999999861e+01
1.240960000000000036e+02 1.496689999999999827e+02 8.106999999999999318e+00 1.856299999999999883e+01
1.385780000000000030e+02 1.649569999999999936e+02 7.775000000000000355e+00 1.972899999999999920e+01
1.498050000000000068e+02 1.767319999999999993e+02 7.565000000000000391e+00 2.051000000000000156e+01
1.587690000000000055e+02 1.861759999999999877e+02 7.455000000000000071e+00 2.112199999999999989e+01
1.660629999999999882e+02 1.938810000000000002e+02 7.365999999999999659e+00 2.164600000000000080e+01
1.721310000000000002e+02 2.003269999999999982e+02 7.286999999999999922e+00 2.212600000000000122e+01
1.772030000000000030e+02 2.057750000000000057e+02 7.240999999999999659e+00 2.257000000000000028e+01
1.815560000000000116e+02 2.104369999999999834e+02 7.155000000000000249e+00 2.298799999999999955e+01
1.852870000000000061e+02 2.144849999999999852e+02 7.092999999999999972e+00 2.339000000000000057e+01
1.885449999999999875e+02 2.180330000000000155e+02 7.016000000000000014e+00 2.378000000000000114e+01
1.913839999999999861e+02 2.211550000000000011e+02 6.942999999999999616e+00 2.416100000000000136e+01
1.938820000000000050e+02 2.239279999999999973e+02 6.873999999999999666e+00 2.453600000000000136e+01
1.960850000000000080e+02 2.264039999999999964e+02 6.810999999999999943e+00 2.490700000000000003e+01
1.980469999999999970e+02 2.286380000000000052e+02 6.741999999999999993e+00 2.527599999999999980e+01
1.997969999999999970e+02 2.306529999999999916e+02 6.668000000000000149e+00 2.564300000000000068e+01
2.013849999999999909e+02 2.324860000000000184e+02 6.573999999999999844e+00 2.600799999999999912e+01
2.028410000000000082e+02 2.341550000000000011e+02 6.459999999999999964e+00 2.637099999999999866e+01
2.041870000000000118e+02 2.356890000000000214e+02 6.326999999999999957e+00 2.673400000000000176e+01
2.053569999999999993e+02 2.371009999999999991e+02 6.232999999999999652e+00 2.709700000000000131e+01
2.063369999999999891e+02 2.384050000000000011e+02 6.216999999999999638e+00 2.745899999999999963e+01
2.072199999999999989e+02 2.396140000000000043e+02 6.203999999999999737e+00 2.782100000000000151e+01
2.080190000000000055e+02 2.407379999999999995e+02 6.190000000000000391e+00 2.818100000000000094e+01
2.087470000000000141e+02 2.417919999999999732e+02 6.176000000000000156e+00 2.854299999999999926e+01
2.094089999999999918e+02 2.427760000000000105e+02 6.160000000000000142e+00 2.890399999999999991e+01
2.100140000000000100e+02 2.437009999999999934e+02 6.145999999999999908e+00 2.926000000000000156e+01
2.105730000000000075e+02 2.445709999999999980e+02 6.131999999999999673e+00 2.960600000000000165e+01
2.110929999999999893e+02 2.453939999999999770e+02 6.118000000000000327e+00 2.994399999999999906e+01
2.115780000000000030e+02 2.461739999999999782e+02 6.105000000000000426e+00 3.027400000000000091e+01
2.120289999999999964e+02 2.469120000000000061e+02 6.094000000000000306e+00 3.059499999999999886e+01
2.124499999999999886e+02 2.476129999999999995e+02 6.083000000000000185e+00 3.090800000000000125e+01
