1.340000000000000080e-01 1.310000000000000053e-01 7.590000000000000080e-01 4.299999999999999656e-02
1.340000000000000080e-01 2.620000000000000107e-01 9.050000000000000266e-01 5.299999999999999850e-02
1.680000000000000104e-01 3.930000000000000160e-01 1.012999999999999901e+00 6.600000000000000311e-02
2.879999999999999782e-01 5.250000000000000222e-01 1.034999999999999920e+00 7.799999999999999989e-02
4.079999999999999738e-01 6.560000000000000275e-01 1.056999999999999940e+00 9.199999999999999845e-02
5.280000000000000249e-01 7.870000000000000329e-01 1.074999999999999956e+00 1.069999999999999979e-01
6.710000000000000409e-01 1.213999999999999968e+00 1.362999999999999989e+00 1.280000000000000027e-01
1.024999999999999911e+00 2.967999999999999972e+00 2.641999999999999904e+00 3.260000000000000120e-01
2.369000000000000217e+00 6.442999999999999616e+00 4.251000000000000334e+00 9.080000000000000293e-01
5.299999999999999822e+00 1.181499999999999950e+01 5.695000000000000284e+00 1.937000000000000055e+00
1.024099999999999966e+01 1.920000000000000284e+01 6.918000000000000149e+00 3.160000000000000142e+00
1.745799999999999841e+01 2.856300000000000239e+01 7.738000000000000433e+00 4.488999999999999879e+00
2.703699999999999903e+01 3.996099999999999852e+01 8.140000000000000568e+00 5.919999999999999929e+00
3.878699999999999903e+01 5.332399999999999807e+01 8.246999999999999886e+00 7.442999999999999616e+00
5.260399999999999920e+01 6.878000000000000114e+01 8.275999999999999801e+00 9.076000000000000512e+00
6.838599999999999568e+01 8.635999999999999943e+01 8.359999999999999432e+00 1.080799999999999983e+01
8.632500000000000284e+01 1.062319999999999993e+02 8.445000000000000284e+00 1.266699999999999982e+01
1.067750000000000057e+02 1.288059999999999832e+02 8.528000000000000469e+00 1.472100000000000009e+01
1.261770000000000067e+02 1.496899999999999977e+02 8.102999999999999758e+00 1.667500000000000071e+01
1.407319999999999993e+02 1.649729999999999848e+02 7.748999999999999666e+00 1.778500000000000014e+01
1.519830000000000041e+02 1.767439999999999998e+02 7.562000000000000277e+00 1.851200000000000045e+01
1.609989999999999952e+02 1.861839999999999975e+02 7.443999999999999950e+00 1.907199999999999918e+01
1.683309999999999889e+02 1.938849999999999909e+02 7.357000000000000206e+00 1.954799999999999827e+01
1.744360000000000070e+02 2.003280000000000030e+02 7.283999999999999808e+00 1.998000000000000043e+01
1.795879999999999939e+02 2.057740000000000009e+02 7.201999999999999957e+00 2.037699999999999889e+01
1.839759999999999991e+02 2.104350000000000023e+02 7.125000000000000000e+00 2.074899999999999878e+01
1.877789999999999964e+02 2.144809999999999945e+02 7.035999999999999588e+00 2.110300000000000153e+01
1.910929999999999893e+02 2.180270000000000152e+02 6.945999999999999730e+00 2.144600000000000151e+01
1.939699999999999989e+02 2.211479999999999961e+02 6.878999999999999559e+00 2.178099999999999881e+01
1.965430000000000064e+02 2.239200000000000159e+02 6.778999999999999915e+00 2.210900000000000176e+01
1.988729999999999905e+02 2.263950000000000102e+02 6.634000000000000341e+00 2.243299999999999983e+01
2.010099999999999909e+02 2.286280000000000143e+02 6.450999999999999623e+00 2.275499999999999901e+01
2.029550000000000125e+02 2.306440000000000055e+02 6.291999999999999815e+00 2.307400000000000162e+01
2.046939999999999884e+02 2.324759999999999991e+02 6.269000000000000128e+00 2.339199999999999946e+01
2.062709999999999866e+02 2.341450000000000102e+02 6.248999999999999666e+00 2.370899999999999963e+01
2.077119999999999891e+02 2.356779999999999973e+02 6.227999999999999758e+00 2.402499999999999858e+01
2.090370000000000061e+02 2.370900000000000034e+02 6.205000000000000071e+00 2.434100000000000108e+01
2.102479999999999905e+02 2.383930000000000007e+02 6.185999999999999943e+00 2.465599999999999881e+01
2.113619999999999948e+02 2.396020000000000039e+02 6.169999999999999929e+00 2.497100000000000009e+01
2.123870000000000005e+02 2.407259999999999991e+02 6.157000000000000028e+00 2.528500000000000014e+01
2.133379999999999939e+02 2.417799999999999727e+02 6.144999999999999574e+00 2.560000000000000142e+01
2.142079999999999984e+02 2.427640000000000100e+02 6.134000000000000341e+00 2.591400000000000148e+01
2.150039999999999907e+02 2.436889999999999930e+02 6.125000000000000000e+00 2.622700000000000031e+01
2.157330000000000041e+02 2.445589999999999975e+02 6.116999999999999993e+00 2.653999999999999915e+01
2.164050000000000011e+02 2.453810000000000002e+02 6.110000000000000320e+00 2.685399999999999920e+01
2.170250000000000057e+02 2.461619999999999777e+02 6.102999999999999758e+00 2.716799999999999926e+01
2.175949999999999989e+02 2.469000000000000057e+02 6.096000000000000085e+00 2.748100000000000165e+01
2.181200000000000045e+02 2.476009999999999991e+02 6.089999999999999858e+00 2.779400000000000048e+01
