1.340000000000000080e-01 1.310000000000000053e-01 5.540000000000000480e-01 2.449999999999999956e-01
1.340000000000000080e-01 2.620000000000000107e-01 4.729999999999999760e-01 4.819999999999999840e-01
1.340000000000000080e-01 3.930000000000000160e-01 3.900000000000000133e-01 7.189999999999999725e-01
1.340000000000000080e-01 5.250000000000000222e-01 3.059999999999999942e-01 9.599999999999999645e-01
1.340000000000000080e-01 6.560000000000000275e-01 2.159999999999999976e-01 1.203999999999999959e+00
1.340000000000000080e-01 7.870000000000000329e-01 1.729999999999999871e-01 1.449000000000000066e+00
1.340000000000000080e-01 9.220000000000000417e-01 1.930000000000000049e-01 1.695000000000000062e+00
1.340000000000000080e-01 1.081999999999999851e+00 2.359999999999999876e-01 1.941000000000000059e+00
1.340000000000000080e-01 1.284999999999999920e+00 3.190000000000000058e-01 2.188000000000000167e+00
1.340000000000000080e-01 1.549999999999999822e+00 4.550000000000000155e-01 2.436999999999999833e+00
1.340000000000000080e-01 1.906000000000000139e+00 6.650000000000000355e-01 2.697999999999999954e+00
1.340000000000000080e-01 2.398000000000000131e+00 9.559999999999999609e-01 3.041999999999999815e+00
1.819999999999999951e-01 3.096000000000000085e+00 1.318000000000000060e+00 3.577999999999999847e+00
3.340000000000000191e-01 3.932000000000000384e+00 1.542999999999999927e+00 4.285000000000000142e+00
5.450000000000000400e-01 4.842999999999999972e+00 1.687000000000000055e+00 5.062999999999999723e+00
7.810000000000000275e-01 5.793000000000000149e+00 1.826999999999999957e+00 5.847000000000000419e+00
1.028999999999999915e+00 6.759000000000000341e+00 1.979000000000000092e+00 6.618000000000000327e+00
1.282999999999999918e+00 7.730999999999999872e+00 2.141999999999999904e+00 7.378999999999999559e+00
1.534999999999999920e+00 8.657000000000000028e+00 2.275999999999999801e+00 8.124000000000000554e+00
1.770000000000000018e+00 9.493999999999999773e+00 2.361000000000000210e+00 8.858000000000000540e+00
1.981999999999999984e+00 1.025799999999999912e+01 2.415000000000000036e+00 9.576999999999999957e+00
2.173999999999999932e+00 1.096499999999999986e+01 2.447999999999999954e+00 1.028400000000000070e+01
2.334999999999999964e+00 1.161899999999999977e+01 2.463999999999999968e+00 1.097700000000000031e+01
2.467999999999999972e+00 1.223199999999999932e+01 2.463999999999999968e+00 1.166499999999999915e+01
2.573999999999999844e+00 1.280599999999999916e+01 2.447999999999999954e+00 1.234699999999999953e+01
2.657999999999999918e+00 1.334600000000000009e+01 2.416999999999999815e+00 1.302299999999999969e+01
2.722999999999999865e+00 1.385700000000000109e+01 2.371999999999999886e+00 1.369800000000000040e+01
2.770999999999999908e+00 1.434299999999999997e+01 2.314999999999999947e+00 1.437199999999999989e+01
2.802999999999999936e+00 1.480400000000000027e+01 2.245999999999999996e+00 1.504299999999999926e+01
2.821000000000000174e+00 1.524300000000000033e+01 2.166999999999999815e+00 1.571299999999999919e+01
2.826999999999999957e+00 1.566199999999999903e+01 2.076999999999999957e+00 1.638200000000000145e+01
2.826999999999999957e+00 1.606299999999999883e+01 1.977000000000000091e+00 1.704700000000000060e+01
2.826999999999999957e+00 1.644900000000000162e+01 1.868000000000000105e+00 1.770200000000000173e+01
2.826999999999999957e+00 1.682000000000000028e+01 1.749000000000000110e+00 1.834900000000000020e+01
2.826999999999999957e+00 1.717600000000000193e+01 1.625999999999999890e+00 1.898600000000000065e+01
2.826999999999999957e+00 1.751999999999999957e+01 1.493999999999999995e+00 1.961599999999999966e+01
2.826999999999999957e+00 1.785200000000000031e+01 1.356999999999999984e+00 2.023999999999999844e+01
2.826999999999999957e+00 1.817399999999999949e+01 1.215000000000000080e+00 2.085600000000000165e+01
2.826999999999999957e+00 1.848499999999999943e+01 1.066999999999999948e+00 2.146499999999999986e+01
2.826999999999999957e+00 1.878699999999999903e+01 9.759999999999999787e-01 2.205999999999999872e+01
2.826999999999999957e+00 1.908200000000000074e+01 9.549999999999999600e-01 2.262199999999999989e+01
2.826999999999999957e+00 1.936700000000000088e+01 9.389999999999999458e-01 2.316100000000000136e+01
2.826999999999999957e+00 1.964499999999999957e+01 9.260000000000000453e-01 2.368299999999999983e+01
2.826999999999999957e+00 1.991600000000000037e+01 9.150000000000000355e-01 2.419000000000000128e+01
2.826999999999999957e+00 2.017999999999999972e+01 9.040000000000000258e-01 2.468499999999999872e+01
2.826999999999999957e+00 2.044000000000000128e+01 8.950000000000000178e-01 2.517000000000000171e+01
2.826999999999999957e+00 2.069200000000000017e+01 8.870000000000000107e-01 2.564300000000000068e+01
2.826999999999999957e+00 2.093900000000000006e+01 8.790000000000000036e-01 2.610699999999999932e+01
