1.340000000000000080e-01 1.310000000000000053e-01 5.540000000000000480e-01 2.449999999999999956e-01
1.340000000000000080e-01 2.620000000000000107e-01 4.729999999999999760e-01 4.819999999999999840e-01
1.340000000000000080e-01 3.930000000000000160e-01 3.900000000000000133e-01 7.189999999999999725e-01
1.340000000000000080e-01 5.250000000000000222e-01 3.059999999999999942e-01 9.599999999999999645e-01
1.340000000000000080e-01 6.560000000000000275e-01 2.159999999999999976e-01 1.203999999999999959e+00
1.340000000000000080e-01 7.870000000000000329e-01 1.729999999999999871e-01 1.449000000000000066e+00
1.340000000000000080e-01 9.250000000000000444e-01 1.950000000000000067e-01 1.695000000000000062e+00
1.340000000000000080e-01 1.098999999999999977e+00 2.520000000000000018e-01 1.941000000000000059e+00
1.340000000000000080e-01 1.334999999999999964e+00 3.639999999999999902e-01 2.189000000000000057e+00
1.340000000000000080e-01 1.659999999999999920e+00 5.530000000000000471e-01 2.439999999999999947e+00
1.340000000000000080e-01 2.113999999999999879e+00 8.289999999999999591e-01 2.741999999999999993e+00
1.559999999999999998e-01 2.759999999999999787e+00 1.201000000000000068e+00 3.192000000000000171e+00
3.009999999999999898e-01 3.697000000000000064e+00 1.584000000000000075e+00 3.854000000000000092e+00
5.440000000000000391e-01 4.823999999999999844e+00 1.885000000000000009e+00 4.637999999999999901e+00
8.399999999999999689e-01 6.048999999999999488e+00 2.185000000000000053e+00 5.463000000000000078e+00
1.167000000000000037e+00 7.321000000000000618e+00 2.512000000000000011e+00 6.280000000000000249e+00
1.508000000000000007e+00 8.605999999999999872e+00 2.861000000000000210e+00 7.076999999999999957e+00
1.854999999999999982e+00 9.894999999999999574e+00 3.222999999999999865e+00 7.858999999999999986e+00
2.192000000000000171e+00 1.110800000000000054e+01 3.540000000000000036e+00 8.621999999999999886e+00
2.501999999999999780e+00 1.219300000000000139e+01 3.769000000000000128e+00 9.371999999999999886e+00
2.778999999999999915e+00 1.316999999999999993e+01 3.943999999999999950e+00 1.009999999999999964e+01
3.028000000000000025e+00 1.406500000000000128e+01 4.078000000000000291e+00 1.081400000000000006e+01
3.250999999999999890e+00 1.488499999999999979e+01 4.177999999999999936e+00 1.151099999999999923e+01
3.455999999999999961e+00 1.564599999999999902e+01 4.246000000000000441e+00 1.220199999999999996e+01
3.637000000000000011e+00 1.635200000000000031e+01 4.285000000000000142e+00 1.288499999999999979e+01
3.786999999999999922e+00 1.700999999999999801e+01 4.298000000000000043e+00 1.356300000000000061e+01
3.910000000000000142e+00 1.762899999999999778e+01 4.285000000000000142e+00 1.423900000000000077e+01
4.009999999999999787e+00 1.821199999999999974e+01 4.250000000000000000e+00 1.491399999999999970e+01
4.089999999999999858e+00 1.876099999999999923e+01 4.193999999999999950e+00 1.558600000000000030e+01
4.150000000000000355e+00 1.928000000000000114e+01 4.118999999999999773e+00 1.625700000000000145e+01
4.195000000000000284e+00 1.977199999999999847e+01 4.025999999999999801e+00 1.692500000000000071e+01
4.224999999999999645e+00 2.024200000000000088e+01 3.926000000000000156e+00 1.759499999999999886e+01
4.240999999999999659e+00 2.068900000000000006e+01 3.849000000000000199e+00 1.826300000000000168e+01
4.246000000000000441e+00 2.111800000000000210e+01 3.761000000000000121e+00 1.893100000000000094e+01
4.246000000000000441e+00 2.152700000000000102e+01 3.664000000000000146e+00 1.959299999999999997e+01
4.246000000000000441e+00 2.192000000000000171e+01 3.556000000000000050e+00 2.024699999999999989e+01
4.246000000000000441e+00 2.229800000000000182e+01 3.439000000000000057e+00 2.089300000000000068e+01
4.246000000000000441e+00 2.266199999999999903e+01 3.315999999999999837e+00 2.153099999999999881e+01
4.246000000000000441e+00 2.301299999999999812e+01 3.185999999999999943e+00 2.216100000000000136e+01
4.246000000000000441e+00 2.335099999999999909e+01 3.051000000000000156e+00 2.278200000000000003e+01
4.246000000000000441e+00 2.367999999999999972e+01 2.911000000000000032e+00 2.339900000000000091e+01
4.246000000000000441e+00 2.399800000000000111e+01 2.766000000000000014e+00 2.400900000000000034e+01
4.246000000000000441e+00 2.430600000000000094e+01 2.616000000000000103e+00 2.461400000000000077e+01
4.246000000000000441e+00 2.460500000000000043e+01 2.463000000000000078e+00 2.521199999999999974e+01
4.246000000000000441e+00 2.489600000000000080e+01 2.303999999999999826e+00 2.580600000000000094e+01
4.246000000000000441e+00 2.518099999999999739e+01 2.141000000000000014e+00 2.639699999999999847e+01
4.246000000000000441e+00 2.545700000000000074e+01 1.973999999999999977e+00 2.698199999999999932e+01
4.246000000000000441e+00 2.572599999999999909e+01 1.804000000000000048e+00 2.756400000000000006e+01
